1150.0 4.49315e-15
1155.0 4.26052e-14
1160.0 9.86249e-14
1165.0 1.56277e-14
1170.0 0
1175.0 0
1180.0 0
1185.0 0
1190.0 0
1195.0 0
1200.0 7.85004e-16
1205.0 1.77235e-14
1210.0 9.83742e-14
1215.0 1.39568e-13
1220.0 7.56156e-14
1225.0 3.16497e-14
1230.0 1.94363e-14
1235.0 1.72703e-14
1240.0 1.47039e-14
1245.0 6.82519e-15
1250.0 1.93457e-14
1255.0 2.12352e-14
1260.0 1.78256e-14
1265.0 1.58558e-14
1270.0 1.74131e-14
1275.0 1.77794e-14
1280.0 2.02627e-14
1285.0 1.64281e-14
1290.0 1.51485e-14
1295.0 7.67947e-15
1300.0 1.25771e-14
1305.0 1.11871e-14
1310.0 1.04371e-14
1315.0 1.16745e-14
1320.0 6.17116e-15
1325.0 5.26387e-15
1330.0 9.24253e-15
1335.0 1.03519e-14
1340.0 1.63836e-14
1345.0 1.78214e-14
1350.0 1.89329e-14
1355.0 2.65904e-14
1360.0 2.08482e-14
1365.0 7.65332e-15
1370.0 8.74082e-15
1375.0 2.33262e-14
1380.0 2.79104e-14
1385.0 1.61286e-14
1390.0 1.19077e-14
1395.0 1.43135e-14
1400.0 1.54871e-14
1405.0 1.66745e-14
1410.0 3.50829e-15
1415.0 6.11828e-15
1420.0 1.94541e-14
1425.0 2.44114e-14
1430.0 2.32219e-14
1435.0 2.49517e-14
1440.0 2.6509e-14
1445.0 3.33389e-14
1450.0 3.99261e-14
1455.0 3.69526e-14
1460.0 3.23325e-14
1465.0 3.45519e-14
1470.0 3.44369e-14
1475.0 3.2164e-14
1480.0 3.0148e-14
1485.0 4.19078e-14
1490.0 4.38534e-14
1495.0 5.121e-14
1500.0 5.15032e-14
1505.0 4.79045e-14
1510.0 4.44736e-14
1515.0 5.05664e-14
1520.0 6.09367e-14
1525.0 6.74937e-14
1530.0 7.93393e-14
1535.0 1.03567e-13
1540.0 1.34691e-13
1545.0 1.68948e-13
1550.0 1.8639e-13
1555.0 2.02194e-13
1560.0 2.48217e-13
1565.0 2.89243e-13
1570.0 2.87524e-13
1575.0 3.60658e-13
1580.0 4.47331e-13
1585.0 4.56207e-13
1590.0 4.23337e-13
1595.0 4.09455e-13
1600.0 4.4824e-13
1605.0 4.7829e-13
1610.0 5.14391e-13
1615.0 5.47454e-13
1620.0 5.51574e-13
1625.0 5.73382e-13
1630.0 5.7641e-13
1635.0 6.45778e-13
1640.0 7.43523e-13
1645.0 7.94989e-13
1650.0 7.27444e-13
1655.0 6.38345e-13
1660.0 7.57718e-13
1665.0 8.65099e-13
1670.0 7.47668e-13
1675.0 8.01168e-13
1680.0 9.20792e-13
1685.0 9.61877e-13
1690.0 9.68848e-13
1695.0 9.75029e-13
1700.0 1.07209e-12
1705.0 1.22536e-12
1710.0 1.36423e-12
1715.0 1.45666e-12
1720.0 1.46985e-12
1725.0 1.51144e-12
1730.0 1.63299e-12
1735.0 1.65351e-12
1740.0 1.65095e-12
1745.0 1.72932e-12
1750.0 1.89861e-12
1755.0 1.99959e-12
1760.0 1.87067e-12
1765.0 1.77513e-12
1770.0 1.90346e-12
1775.0 2.1066e-12
1780.0 2.1817e-12
1785.0 2.0549e-12
1790.0 2.08362e-12
1795.0 2.37795e-12
1800.0 2.49633e-12
1805.0 2.38172e-12
1810.0 2.32852e-12
1815.0 2.3845e-12
1820.0 2.43288e-12
1825.0 2.43602e-12
1830.0 2.36574e-12
1835.0 2.1909e-12
1840.0 1.91218e-12
1845.0 1.80117e-12
1850.0 1.8123e-12
1855.0 1.89153e-12
1860.0 2.003e-12
1865.0 2.10893e-12
1870.0 2.22779e-12
1875.0 2.28439e-12
1880.0 2.38548e-12
1885.0 2.42181e-12
1890.0 2.33868e-12
1895.0 2.1872e-12
1900.0 2.06876e-12
1905.0 2.14477e-12
1910.0 2.2303e-12
1915.0 2.36094e-12
1920.0 2.37158e-12
1925.0 2.1353e-12
1930.0 1.93397e-12
1935.0 2.03672e-12
1940.0 2.34368e-12
1945.0 2.48791e-12
1950.0 2.50052e-12
1955.0 2.44808e-12
1960.0 2.37401e-12
1965.0 2.35573e-12
1970.0 2.32535e-12
1975.0 2.39901e-12
1980.0 2.4087e-12
1985.0 2.41577e-12
1990.0 2.32934e-12
1995.0 2.21173e-12
2000.0 2.21312e-12
2005.0 2.25621e-12
2010.0 2.1744e-12
2015.0 2.15402e-12
2020.0 2.15302e-12
2025.0 2.17239e-12
2030.0 2.18714e-12
2035.0 2.21859e-12
2040.0 2.25976e-12
2045.0 2.29517e-12
2050.0 2.4498e-12
2055.0 2.49521e-12
2060.0 2.33066e-12
2065.0 2.30272e-12
2070.0 2.36352e-12
2075.0 2.42268e-12
2080.0 2.53186e-12
2085.0 2.61833e-12
2090.0 2.64234e-12
2095.0 2.58585e-12
2100.0 2.5156e-12
2105.0 2.44973e-12
2110.0 2.38007e-12
2115.0 2.3316e-12
2120.0 2.30094e-12
2125.0 2.4114e-12
2130.0 2.39584e-12
2135.0 2.08627e-12
2140.0 1.86419e-12
2145.0 1.93311e-12
2150.0 2.14053e-12
2155.0 2.19572e-12
2160.0 2.2117e-12
2165.0 2.13406e-12
2170.0 2.01117e-12
2175.0 1.91263e-12
2180.0 1.91471e-12
2185.0 2.05062e-12
2190.0 2.17e-12
2195.0 2.23574e-12
2200.0 2.31109e-12
2205.0 2.31351e-12
2210.0 2.1821e-12
2215.0 1.97542e-12
2220.0 1.86988e-12
2225.0 1.86073e-12
2230.0 1.91487e-12
2235.0 1.95696e-12
2240.0 2.09019e-12
2245.0 2.04987e-12
2250.0 1.86994e-12
2255.0 1.79095e-12
2260.0 1.79122e-12
2265.0 1.76522e-12
2270.0 1.78751e-12
2275.0 1.82286e-12
2280.0 1.93314e-12
2285.0 1.97703e-12
2290.0 2.0596e-12
2295.0 2.06127e-12
2300.0 1.94079e-12
2305.0 1.77592e-12
2310.0 1.75713e-12
2315.0 1.82213e-12
2320.0 1.79106e-12
2325.0 1.76614e-12
2330.0 1.73234e-12
2335.0 1.65984e-12
2340.0 1.57749e-12
2345.0 1.47224e-12
2350.0 1.41954e-12
2355.0 1.50904e-12
2360.0 1.63845e-12
2365.0 1.53345e-12
2370.0 1.49561e-12
2375.0 1.59453e-12
2380.0 1.58752e-12
2385.0 1.46172e-12
2390.0 1.32169e-12
2395.0 1.37205e-12
2400.0 1.42197e-12
2405.0 1.39797e-12
2410.0 1.30942e-12
2415.0 1.27264e-12
2420.0 1.42694e-12
2425.0 1.64493e-12
2430.0 1.74626e-12
2435.0 1.72014e-12
2440.0 1.67795e-12
2445.0 1.72125e-12
2450.0 1.78107e-12
2455.0 1.73928e-12
2460.0 1.74529e-12
2465.0 1.75864e-12
2470.0 1.63253e-12
2475.0 1.5667e-12
2480.0 1.58455e-12
2485.0 1.60449e-12
2490.0 1.62905e-12
2495.0 1.59646e-12
2500.0 1.75378e-12
2505.0 1.92334e-12
2510.0 1.88099e-12
2515.0 1.76805e-12
2520.0 1.63136e-12
2525.0 1.48466e-12
2530.0 1.40551e-12
2535.0 1.40235e-12
2540.0 1.4109e-12
2545.0 1.40694e-12
2550.0 1.42145e-12
2555.0 1.49487e-12
2560.0 1.63219e-12
2565.0 1.68008e-12
2570.0 1.77726e-12
2575.0 1.90739e-12
2580.0 1.76199e-12
2585.0 1.71625e-12
2590.0 1.81276e-12
2595.0 1.87954e-12
2600.0 1.85066e-12
2605.0 1.72461e-12
2610.0 1.63526e-12
2615.0 1.58324e-12
2620.0 1.71804e-12
2625.0 1.85462e-12
2630.0 1.81819e-12
2635.0 1.80264e-12
2640.0 2.08968e-12
2645.0 2.35005e-12
2650.0 2.48769e-12
2655.0 2.47811e-12
2660.0 2.42148e-12
2665.0 2.24602e-12
2670.0 2.09992e-12
2675.0 2.12634e-12
2680.0 2.21826e-12
2685.0 2.22136e-12
2690.0 2.17333e-12
2695.0 2.08017e-12
2700.0 2.09462e-12
2705.0 2.14183e-12
2710.0 2.10651e-12
2715.0 1.98973e-12
2720.0 1.95838e-12
2725.0 1.9856e-12
2730.0 2.11386e-12
2735.0 2.23195e-12
2740.0 2.14722e-12
2745.0 1.9108e-12
2750.0 1.74554e-12
2755.0 1.70961e-12
2760.0 1.76422e-12
2765.0 1.88766e-12
2770.0 1.94444e-12
2775.0 1.97273e-12
2780.0 2.02656e-12
2785.0 1.9502e-12
2790.0 1.91767e-12
2795.0 1.6674e-12
2800.0 1.22014e-12
2805.0 1.137e-12
2810.0 1.48303e-12
2815.0 1.98726e-12
2820.0 2.32883e-12
2825.0 2.46292e-12
2830.0 2.41035e-12
2835.0 2.37348e-12
2840.0 2.28799e-12
2845.0 2.15796e-12
2850.0 2.12587e-12
2855.0 2.09818e-12
2860.0 2.10497e-12
2865.0 2.22503e-12
2870.0 2.22741e-12
2875.0 2.23423e-12
2880.0 2.26264e-12
2885.0 2.28352e-12
2890.0 2.26318e-12
2895.0 2.22699e-12
2900.0 2.23887e-12
2905.0 2.32952e-12
2910.0 2.48571e-12
2915.0 2.56037e-12
2920.0 2.57268e-12
2925.0 2.45881e-12
2930.0 2.36642e-12
2935.0 2.37269e-12
2940.0 2.40381e-12
2945.0 2.47603e-12
2950.0 2.45389e-12
2955.0 2.44137e-12
2960.0 2.5637e-12
2965.0 2.64273e-12
2970.0 2.59557e-12
2975.0 2.54711e-12
2980.0 2.58444e-12
2985.0 2.57834e-12
2990.0 2.59538e-12
2995.0 2.70286e-12
3000.0 2.67474e-12
3005.0 2.56444e-12
3010.0 2.62249e-12
3015.0 2.66336e-12
3020.0 2.59234e-12
3025.0 2.5014e-12
3030.0 2.49953e-12
3035.0 2.52858e-12
3040.0 2.57356e-12
3045.0 2.59588e-12
3050.0 2.57974e-12
3055.0 2.5717e-12
3060.0 2.53149e-12
3065.0 2.47912e-12
3070.0 2.50101e-12
3075.0 2.56262e-12
3080.0 2.62164e-12
3085.0 2.66655e-12
3090.0 2.68592e-12
3095.0 2.65743e-12
3100.0 2.54637e-12
3105.0 2.52455e-12
3110.0 2.53645e-12
3115.0 2.59662e-12
3120.0 2.5909e-12
3125.0 2.58275e-12
3130.0 2.5984e-12
3135.0 2.62659e-12
3140.0 2.70289e-12
3145.0 2.80652e-12
3150.0 2.8133e-12
3155.0 2.7703e-12
3160.0 2.75909e-12
3165.0 2.81349e-12
3170.0 2.85609e-12
3175.0 2.82266e-12
3180.0 2.69037e-12
3185.0 2.66433e-12
3190.0 2.78254e-12
3195.0 2.78055e-12
3200.0 2.75082e-12
3205.0 2.75762e-12
3210.0 2.76443e-12
3215.0 2.71612e-12
3220.0 2.64452e-12
3225.0 2.59821e-12
3230.0 2.57812e-12
3235.0 2.57233e-12
3240.0 2.58497e-12
3245.0 2.62093e-12
3250.0 2.66893e-12
3255.0 2.70989e-12
3260.0 2.72077e-12
3265.0 2.68076e-12
3270.0 2.58141e-12
3275.0 2.4496e-12
3280.0 2.38833e-12
3285.0 2.46727e-12
3290.0 2.59475e-12
3295.0 2.65927e-12
3300.0 2.65946e-12
3305.0 2.63303e-12
3310.0 2.60612e-12
3315.0 2.59166e-12
3320.0 2.58372e-12
3325.0 2.5739e-12
3330.0 2.56492e-12
3335.0 2.55933e-12
3340.0 2.54873e-12
3345.0 2.53199e-12
3350.0 2.53637e-12
3355.0 2.57406e-12
3360.0 2.59146e-12
3365.0 2.54534e-12
3370.0 2.48478e-12
3375.0 2.46895e-12
3380.0 2.48991e-12
3385.0 2.51771e-12
3390.0 2.53473e-12
3395.0 2.53716e-12
3400.0 2.54228e-12
3405.0 2.56442e-12
3410.0 2.59006e-12
3415.0 2.59978e-12
3420.0 2.58734e-12
3425.0 2.55628e-12
3430.0 2.52193e-12
3435.0 2.50114e-12
3440.0 2.50294e-12
3445.0 2.52551e-12
3450.0 2.54709e-12
3455.0 2.54887e-12
3460.0 2.53907e-12
3465.0 2.53183e-12
3470.0 2.52923e-12
3475.0 2.52689e-12
3480.0 2.51667e-12
3485.0 2.49576e-12
3490.0 2.47818e-12
3495.0 2.47737e-12
3500.0 2.48857e-12
3505.0 2.50272e-12
3510.0 2.51775e-12
3515.0 2.53262e-12
3520.0 2.54197e-12
3525.0 2.54455e-12
3530.0 2.55383e-12
3535.0 2.58027e-12
3540.0 2.61163e-12
3545.0 2.63049e-12
3550.0 2.63405e-12
3555.0 2.63911e-12
3560.0 2.59231e-12
3565.0 2.53467e-12
3570.0 2.50974e-12
3575.0 2.53953e-12
3580.0 2.51929e-12
3585.0 2.49701e-12
3590.0 2.5359e-12
3595.0 2.60743e-12
3600.0 2.60126e-12
3605.0 2.56066e-12
3610.0 2.58748e-12
3615.0 2.56555e-12
3620.0 2.5874e-12
3625.0 2.67921e-12
3630.0 2.71441e-12
3635.0 2.73111e-12
3640.0 2.70971e-12
3645.0 2.66937e-12
3650.0 2.67469e-12
3655.0 2.74442e-12
3660.0 2.78325e-12
3665.0 2.80165e-12
3670.0 2.81178e-12
3675.0 2.79487e-12
3680.0 2.76854e-12
3685.0 2.76243e-12
3690.0 2.77572e-12
3695.0 2.75267e-12
3700.0 2.77532e-12
3705.0 2.7439e-12
3710.0 2.81224e-12
3715.0 2.9404e-12
3720.0 2.9566e-12
3725.0 3.06393e-12
3730.0 3.10015e-12
3735.0 2.99106e-12
3740.0 3.28197e-12
3745.0 3.2729e-12
3750.0 3.14903e-12
3755.0 3.61396e-12
3760.0 3.90616e-12
3765.0 3.69003e-12
3770.0 3.37603e-12
3775.0 3.88439e-12
3780.0 4.65895e-12
3785.0 4.81292e-12
3790.0 4.32963e-12
3795.0 3.61201e-12
3800.0 3.6289e-12
3805.0 4.42318e-12
3810.0 5.06985e-12
3815.0 5.29824e-12
3820.0 5.23865e-12
3825.0 4.73703e-12
3830.0 3.92271e-12
3835.0 3.45373e-12
3840.0 4.14228e-12
3845.0 5.15433e-12
3850.0 5.80124e-12
3855.0 6.17161e-12
3860.0 6.44942e-12
3865.0 6.60837e-12
3870.0 6.37929e-12
3875.0 5.79003e-12
3880.0 4.99749e-12
3885.0 4.02473e-12
3890.0 3.6849e-12
3895.0 4.41154e-12
3900.0 5.26163e-12
3905.0 5.94503e-12
3910.0 6.49911e-12
3915.0 6.69629e-12
3920.0 6.67625e-12
3925.0 6.31386e-12
3930.0 5.27164e-12
3935.0 5.13697e-12
3940.0 6.11557e-12
3945.0 6.43763e-12
3950.0 6.22407e-12
3955.0 5.65919e-12
3960.0 4.75889e-12
3965.0 3.56968e-12
3970.0 3.21888e-12
3975.0 4.13826e-12
3980.0 5.11955e-12
3985.0 5.78485e-12
3990.0 6.30034e-12
3995.0 6.63224e-12
4000.0 6.79464e-12
4005.0 6.85905e-12
4010.0 6.9802e-12
4015.0 7.11021e-12
4020.0 7.18044e-12
4025.0 7.11448e-12
4030.0 7.05551e-12
4035.0 7.09132e-12
4040.0 7.13414e-12
4045.0 7.06838e-12
4050.0 7.09893e-12
4055.0 7.01174e-12
4060.0 6.82512e-12
4065.0 6.65338e-12
4070.0 6.48071e-12
4075.0 6.24868e-12
4080.0 6.03301e-12
4085.0 5.70223e-12
4090.0 5.11092e-12
4095.0 4.21233e-12
4100.0 3.49812e-12
4105.0 3.84183e-12
4110.0 4.69411e-12
4115.0 5.35685e-12
4120.0 5.80578e-12
4125.0 6.05839e-12
4130.0 6.24816e-12
4135.0 6.45867e-12
4140.0 6.5948e-12
4145.0 6.63465e-12
4150.0 6.64443e-12
4155.0 6.56175e-12
4160.0 6.61541e-12
4165.0 6.68499e-12
4170.0 6.59846e-12
4175.0 6.48417e-12
4180.0 6.49304e-12
4185.0 6.56132e-12
4190.0 6.61537e-12
4195.0 6.55237e-12
4200.0 6.46551e-12
4205.0 6.53632e-12
4210.0 6.55653e-12
4215.0 6.50429e-12
4220.0 6.43013e-12
4225.0 6.29351e-12
4230.0 6.30225e-12
4235.0 6.33082e-12
4240.0 6.34862e-12
4245.0 6.27001e-12
4250.0 6.21159e-12
4255.0 6.27154e-12
4260.0 6.33171e-12
4265.0 6.36195e-12
4270.0 6.24537e-12
4275.0 6.21775e-12
4280.0 6.30732e-12
4285.0 6.21944e-12
4290.0 6.0844e-12
4295.0 5.9572e-12
4300.0 5.77649e-12
4305.0 5.68877e-12
4310.0 5.60724e-12
4315.0 5.49554e-12
4320.0 5.33848e-12
4325.0 5.02186e-12
4330.0 4.52056e-12
4335.0 3.76717e-12
4340.0 3.1911e-12
4345.0 3.53292e-12
4350.0 4.18628e-12
4355.0 4.73738e-12
4360.0 5.1999e-12
4365.0 5.46249e-12
4370.0 5.5767e-12
4375.0 5.6911e-12
4380.0 5.7435e-12
4385.0 5.71125e-12
4390.0 5.80665e-12
4395.0 5.82155e-12
4400.0 5.79015e-12
4405.0 5.79449e-12
4410.0 5.81921e-12
4415.0 5.75316e-12
4420.0 5.77113e-12
4425.0 5.79734e-12
4430.0 5.80138e-12
4435.0 5.82556e-12
4440.0 5.82174e-12
4445.0 5.76782e-12
4450.0 5.77741e-12
4455.0 5.75069e-12
4460.0 5.76553e-12
4465.0 5.72791e-12
4470.0 5.70209e-12
4475.0 5.66853e-12
4480.0 5.51171e-12
4485.0 5.51532e-12
4490.0 5.57391e-12
4495.0 5.63971e-12
4500.0 5.64154e-12
4505.0 5.68803e-12
4510.0 5.72081e-12
4515.0 5.66288e-12
4520.0 5.56107e-12
4525.0 5.50842e-12
4530.0 5.46907e-12
4535.0 5.52449e-12
4540.0 5.56578e-12
4545.0 5.5214e-12
4550.0 5.39132e-12
4555.0 5.39048e-12
4560.0 5.43068e-12
4565.0 5.44634e-12
4570.0 5.45458e-12
4575.0 5.43443e-12
4580.0 5.36923e-12
4585.0 5.3478e-12
4590.0 5.38902e-12
4595.0 5.40639e-12
4600.0 5.42707e-12
4605.0 5.43389e-12
4610.0 5.41802e-12
4615.0 5.369e-12
4620.0 5.34669e-12
4625.0 5.34e-12
4630.0 5.28102e-12
4635.0 5.28543e-12
4640.0 5.33387e-12
4645.0 5.30337e-12
4650.0 5.26879e-12
4655.0 5.27515e-12
4660.0 5.26499e-12
4665.0 5.20822e-12
4670.0 5.21123e-12
4675.0 5.24791e-12
4680.0 5.25188e-12
4685.0 5.27804e-12
4690.0 5.23036e-12
4695.0 5.19793e-12
4700.0 5.11652e-12
4705.0 5.08564e-12
4710.0 5.10842e-12
4715.0 5.08072e-12
4720.0 5.07195e-12
4725.0 5.07073e-12
4730.0 5.01873e-12
4735.0 4.96918e-12
4740.0 4.95968e-12
4745.0 4.99662e-12
4750.0 5.00741e-12
4755.0 4.97324e-12
4760.0 4.92421e-12
4765.0 4.88482e-12
4770.0 4.88335e-12
4775.0 4.89538e-12
4780.0 4.87128e-12
4785.0 4.8277e-12
4790.0 4.8059e-12
4795.0 4.79819e-12
4800.0 4.74559e-12
4805.0 4.78109e-12
4810.0 4.7379e-12
4815.0 4.6706e-12
4820.0 4.61998e-12
4825.0 4.54533e-12
4830.0 4.50478e-12
4835.0 4.43806e-12
4840.0 4.266e-12
4845.0 3.95676e-12
4850.0 3.52538e-12
4855.0 3.03828e-12
4860.0 2.65225e-12
4865.0 2.71774e-12
4870.0 3.07722e-12
4875.0 3.48066e-12
4880.0 3.84729e-12
4885.0 4.11516e-12
4890.0 4.27329e-12
4895.0 4.39722e-12
4900.0 4.52958e-12
4905.0 4.62576e-12
4910.0 4.61994e-12
4915.0 4.57398e-12
4920.0 4.50103e-12
4925.0 4.52897e-12
4930.0 4.60729e-12
4935.0 4.61031e-12
4940.0 4.65617e-12
4945.0 4.70916e-12
4950.0 4.69064e-12
4955.0 4.60398e-12
4960.0 4.5469e-12
4965.0 4.58926e-12
4970.0 4.6129e-12
4975.0 4.62202e-12
4980.0 4.5887e-12
4985.0 4.56892e-12
4990.0 4.56998e-12
4995.0 4.5324e-12
5000.0 4.52157e-12
5005.0 4.48605e-12
5010.0 4.4512e-12
5015.0 4.41259e-12
5020.0 4.36596e-12
5025.0 4.4021e-12
5030.0 4.42139e-12
5035.0 4.43331e-12
5040.0 4.40515e-12
5045.0 4.38046e-12
5050.0 4.37176e-12
5055.0 4.37922e-12
5060.0 4.43662e-12
5065.0 4.45989e-12
5070.0 4.45885e-12
5075.0 4.44237e-12
5080.0 4.42519e-12
5085.0 4.4044e-12
5090.0 4.37457e-12
5095.0 4.35479e-12
5100.0 4.34868e-12
5105.0 4.34372e-12
5110.0 4.3386e-12
5115.0 4.34169e-12
5120.0 4.34798e-12
5125.0 4.33125e-12
5130.0 4.30369e-12
5135.0 4.29645e-12
5140.0 4.27388e-12
5145.0 4.2823e-12
5150.0 4.28976e-12
5155.0 4.27351e-12
5160.0 4.21238e-12
5165.0 4.1057e-12
5170.0 4.02395e-12
5175.0 4.04575e-12
5180.0 4.05059e-12
5185.0 4.03333e-12
5190.0 4.05134e-12
5195.0 4.05552e-12
5200.0 4.0695e-12
5205.0 4.05432e-12
5210.0 4.0702e-12
5215.0 4.09527e-12
5220.0 4.08771e-12
5225.0 4.03399e-12
5230.0 3.97407e-12
5235.0 3.98531e-12
5240.0 4.0235e-12
5245.0 4.06066e-12
5250.0 4.05237e-12
5255.0 4.01208e-12
5260.0 3.95147e-12
5265.0 3.85655e-12
5270.0 3.80885e-12
5275.0 3.83307e-12
5280.0 3.89161e-12
5285.0 3.94758e-12
5290.0 3.9783e-12
5295.0 3.97814e-12
5300.0 3.93793e-12
5305.0 3.89792e-12
5310.0 3.87018e-12
5315.0 3.84671e-12
5320.0 3.85614e-12
5325.0 3.85897e-12
5330.0 3.85173e-12
5335.0 3.84425e-12
5340.0 3.83212e-12
5345.0 3.85472e-12
5350.0 3.84522e-12
5355.0 3.83676e-12
5360.0 3.80448e-12
5365.0 3.76076e-12
5370.0 3.75852e-12
5375.0 3.78621e-12
5380.0 3.80425e-12
5385.0 3.79747e-12
5390.0 3.79414e-12
5395.0 3.79129e-12
5400.0 3.77107e-12
5405.0 3.75454e-12
5410.0 3.76845e-12
5415.0 3.79163e-12
5420.0 3.78567e-12
5425.0 3.76753e-12
5430.0 3.75686e-12
5435.0 3.75324e-12
5440.0 3.72996e-12
5445.0 3.69314e-12
5450.0 3.70622e-12
5455.0 3.70957e-12
5460.0 3.7103e-12
5465.0 3.67392e-12
5470.0 3.63919e-12
5475.0 3.63696e-12
5480.0 3.6458e-12
5485.0 3.67102e-12
5490.0 3.67785e-12
5495.0 3.66557e-12
5500.0 3.64139e-12
5505.0 3.59892e-12
5510.0 3.58758e-12
5515.0 3.60409e-12
5520.0 3.62096e-12
5525.0 3.60492e-12
5530.0 3.58441e-12
5535.0 3.54239e-12
5540.0 3.52169e-12
5545.0 3.55105e-12
5550.0 3.60183e-12
5555.0 3.59626e-12
5560.0 3.57135e-12
5565.0 3.56234e-12
5570.0 3.55319e-12
5575.0 3.53478e-12
5580.0 3.50741e-12
5585.0 3.47261e-12
5590.0 3.44636e-12
5595.0 3.43815e-12
5600.0 3.43223e-12
5605.0 3.41778e-12
5610.0 3.409e-12
5615.0 3.39304e-12
5620.0 3.36858e-12
5625.0 3.38087e-12
5630.0 3.39546e-12
5635.0 3.40957e-12
5640.0 3.41952e-12
5645.0 3.40567e-12
5650.0 3.38768e-12
5655.0 3.35464e-12
5660.0 3.33202e-12
5665.0 3.33279e-12
5670.0 3.35289e-12
5675.0 3.37102e-12
5680.0 3.35181e-12
5685.0 3.33286e-12
5690.0 3.31892e-12
5695.0 3.30366e-12
5700.0 3.27868e-12
5705.0 3.26294e-12
5710.0 3.25752e-12
5715.0 3.25753e-12
5720.0 3.25989e-12
5725.0 3.27614e-12
5730.0 3.27135e-12
5735.0 3.25681e-12
5740.0 3.24411e-12
5745.0 3.23218e-12
5750.0 3.24381e-12
5755.0 3.22558e-12
5760.0 3.20607e-12
5765.0 3.18897e-12
5770.0 3.1627e-12
5775.0 3.14455e-12
5780.0 3.15807e-12
5785.0 3.16943e-12
5790.0 3.16128e-12
5795.0 3.1355e-12
5800.0 3.14405e-12
5805.0 3.15951e-12
5810.0 3.15374e-12
5815.0 3.15392e-12
5820.0 3.17227e-12
5825.0 3.19017e-12
5830.0 3.17867e-12
5835.0 3.16438e-12
5840.0 3.14141e-12
5845.0 3.11789e-12
5850.0 3.12167e-12
5855.0 3.12317e-12
5860.0 3.12026e-12
5865.0 3.09907e-12
5870.0 3.09065e-12
5875.0 3.04359e-12
5880.0 2.99542e-12
5885.0 2.95156e-12
5890.0 2.91015e-12
5895.0 2.91904e-12
5900.0 2.95594e-12
5905.0 2.96041e-12
5910.0 2.9596e-12
5915.0 2.94848e-12
5920.0 2.94253e-12
5925.0 2.94385e-12
5930.0 2.95503e-12
5935.0 2.96442e-12
5940.0 2.93816e-12
5945.0 2.90882e-12
5950.0 2.89645e-12
5955.0 2.90022e-12
5960.0 2.90709e-12
5965.0 2.91028e-12
5970.0 2.89472e-12
5975.0 2.89526e-12
5980.0 2.8949e-12
5985.0 2.87041e-12
5990.0 2.8642e-12
5995.0 2.86464e-12
6000.0 2.85464e-12
6005.0 2.83126e-12
6010.0 2.81263e-12
6015.0 2.7978e-12
6020.0 2.80159e-12
6025.0 2.82057e-12
6030.0 2.80994e-12
6035.0 2.80078e-12
6040.0 2.80475e-12
6045.0 2.79656e-12
6050.0 2.79281e-12
6055.0 2.7917e-12
6060.0 2.79715e-12
6065.0 2.78901e-12
6070.0 2.77893e-12
6075.0 2.75659e-12
6080.0 2.74309e-12
6085.0 2.73826e-12
6090.0 2.72803e-12
6095.0 2.72303e-12
6100.0 2.71021e-12
6105.0 2.70826e-12
6110.0 2.72392e-12
6115.0 2.72021e-12
6120.0 2.69265e-12
6125.0 2.66773e-12
6130.0 2.65633e-12
6135.0 2.64041e-12
6140.0 2.62279e-12
6145.0 2.62406e-12
6150.0 2.6359e-12
6155.0 2.63258e-12
6160.0 2.62409e-12
6165.0 2.62716e-12
6170.0 2.6151e-12
6175.0 2.62475e-12
6180.0 2.64035e-12
6185.0 2.62837e-12
6190.0 2.62066e-12
6195.0 2.62016e-12
6200.0 2.62521e-12
6205.0 2.62375e-12
6210.0 2.61838e-12
6215.0 2.60649e-12
6220.0 2.60117e-12
6225.0 2.5921e-12
6230.0 2.56506e-12
6235.0 2.5501e-12
6240.0 2.54312e-12
6245.0 2.54157e-12
6250.0 2.54919e-12
6255.0 2.56428e-12
6260.0 2.55575e-12
6265.0 2.53282e-12
6270.0 2.52469e-12
6275.0 2.49599e-12
6280.0 2.46209e-12
6285.0 2.477e-12
6290.0 2.49011e-12
6295.0 2.49623e-12
6300.0 2.48953e-12
6305.0 2.48786e-12
6310.0 2.48979e-12
6315.0 2.47742e-12
6320.0 2.47817e-12
6325.0 2.48135e-12
6330.0 2.47795e-12
6335.0 2.47367e-12
6340.0 2.46503e-12
6345.0 2.45347e-12
6350.0 2.45542e-12
6355.0 2.47205e-12
6360.0 2.4671e-12
6365.0 2.44689e-12
6370.0 2.42418e-12
6375.0 2.41739e-12
6380.0 2.41187e-12
6385.0 2.41479e-12
6390.0 2.42137e-12
6395.0 2.43008e-12
6400.0 2.42965e-12
6405.0 2.42294e-12
6410.0 2.40236e-12
6415.0 2.375e-12
6420.0 2.36262e-12
6425.0 2.3653e-12
6430.0 2.36183e-12
6435.0 2.36263e-12
6440.0 2.36583e-12
6445.0 2.36948e-12
6450.0 2.35065e-12
6455.0 2.32027e-12
6460.0 2.31367e-12
6465.0 2.31307e-12
6470.0 2.31772e-12
6475.0 2.31614e-12
6480.0 2.31248e-12
6485.0 2.29828e-12
6490.0 2.27221e-12
6495.0 2.23945e-12
6500.0 2.25499e-12
6505.0 2.27108e-12
6510.0 2.26011e-12
6515.0 2.23472e-12
6520.0 2.22822e-12
6525.0 2.22173e-12
6530.0 2.1912e-12
6535.0 2.15294e-12
6540.0 2.10696e-12
6545.0 2.02321e-12
6550.0 1.89713e-12
6555.0 1.72129e-12
6560.0 1.52344e-12
6565.0 1.51368e-12
6570.0 1.69349e-12
6575.0 1.85399e-12
6580.0 1.97098e-12
6585.0 2.04773e-12
6590.0 2.09879e-12
6595.0 2.13955e-12
6600.0 2.16837e-12
6605.0 2.1799e-12
6610.0 2.18587e-12
6615.0 2.19424e-12
6620.0 2.20496e-12
6625.0 2.20389e-12
6630.0 2.20227e-12
6635.0 2.19564e-12
6640.0 2.19054e-12
6645.0 2.18995e-12
6650.0 2.18743e-12
6655.0 2.17897e-12
6660.0 2.1739e-12
6665.0 2.16885e-12
6670.0 2.16235e-12
6675.0 2.15331e-12
6680.0 2.15045e-12
6685.0 2.15718e-12
6690.0 2.16176e-12
6695.0 2.16057e-12
6700.0 2.16007e-12
6705.0 2.15986e-12
6710.0 2.15927e-12
6715.0 2.14552e-12
6720.0 2.13464e-12
6725.0 2.12442e-12
6730.0 2.11814e-12
6735.0 2.12565e-12
6740.0 2.13074e-12
6745.0 2.12591e-12
6750.0 2.11732e-12
6755.0 2.10533e-12
6760.0 2.10175e-12
6765.0 2.10145e-12
6770.0 2.09631e-12
6775.0 2.10121e-12
6780.0 2.10414e-12
6785.0 2.09552e-12
6790.0 2.09532e-12
6795.0 2.099e-12
6800.0 2.10408e-12
6805.0 2.10695e-12
6810.0 2.10731e-12
6815.0 2.10565e-12
6820.0 2.09287e-12
6825.0 2.07649e-12
6830.0 2.0595e-12
6835.0 2.05456e-12
6840.0 2.07193e-12
6845.0 2.07961e-12
6850.0 2.07957e-12
6855.0 2.06905e-12
6860.0 2.05051e-12
6865.0 2.03292e-12
6870.0 2.0252e-12
6875.0 2.02949e-12
6880.0 2.03966e-12
6885.0 2.04553e-12
6890.0 2.0395e-12
6895.0 2.02127e-12
6900.0 1.99739e-12
6905.0 1.97686e-12
6910.0 1.96623e-12
6915.0 1.96707e-12
6920.0 1.97645e-12
6925.0 1.9892e-12
6930.0 2.00063e-12
6935.0 2.00825e-12
6940.0 2.01201e-12
6945.0 2.01298e-12
6950.0 2.01156e-12
6955.0 2.00672e-12
6960.0 1.99731e-12
6965.0 1.98467e-12
6970.0 1.97199e-12
6975.0 1.95854e-12
6980.0 1.95124e-12
6985.0 1.9497e-12
6990.0 1.94419e-12
6995.0 1.93489e-12
7000.0 1.91472e-12
7005.0 1.89471e-12
7010.0 1.89362e-12
7015.0 1.8975e-12
7020.0 1.90435e-12
7025.0 1.90348e-12
7030.0 1.89932e-12
7035.0 1.89501e-12
7040.0 1.89404e-12
7045.0 1.90067e-12
7050.0 1.90961e-12
7055.0 1.90943e-12
7060.0 1.90181e-12
7065.0 1.89175e-12
7070.0 1.89479e-12
7075.0 1.89404e-12
7080.0 1.88553e-12
7085.0 1.88159e-12
7090.0 1.86463e-12
7095.0 1.85234e-12
7100.0 1.84491e-12
7105.0 1.84366e-12
7110.0 1.84292e-12
7115.0 1.85035e-12
7120.0 1.85121e-12
7125.0 1.84691e-12
7130.0 1.84575e-12
7135.0 1.84611e-12
7140.0 1.85486e-12
7145.0 1.86348e-12
7150.0 1.87436e-12
7155.0 1.88219e-12
7160.0 1.87033e-12
7165.0 1.84202e-12
7170.0 1.81445e-12
7175.0 1.78439e-12
7180.0 1.757e-12
7185.0 1.72222e-12
7190.0 1.71332e-12
7195.0 1.71449e-12
7200.0 1.7057e-12
7205.0 1.71375e-12
7210.0 1.74993e-12
7215.0 1.77842e-12
7220.0 1.78671e-12
7225.0 1.78272e-12
7230.0 1.77479e-12
7235.0 1.74577e-12
7240.0 1.72862e-12
7245.0 1.72018e-12
7250.0 1.71371e-12
7255.0 1.71239e-12
7260.0 1.72205e-12
7265.0 1.72265e-12
7270.0 1.71959e-12
7275.0 1.7037e-12
7280.0 1.71342e-12
7285.0 1.72295e-12
7290.0 1.71591e-12
7295.0 1.72469e-12
7300.0 1.72764e-12
7305.0 1.71048e-12
7310.0 1.6966e-12
7315.0 1.70103e-12
7320.0 1.70538e-12
7325.0 1.71946e-12
7330.0 1.71854e-12
7335.0 1.71309e-12
7340.0 1.70725e-12
7345.0 1.69312e-12
7350.0 1.68969e-12
7355.0 1.69694e-12
7360.0 1.69944e-12
7365.0 1.69429e-12
7370.0 1.68846e-12
7375.0 1.68034e-12
7380.0 1.67581e-12
7385.0 1.66496e-12
7390.0 1.65653e-12
7395.0 1.64717e-12
7400.0 1.64064e-12
7405.0 1.62701e-12
7410.0 1.61335e-12
7415.0 1.62171e-12
7420.0 1.64202e-12
7425.0 1.68469e-12
7430.0 1.69742e-12
7435.0 1.6901e-12
7440.0 1.66747e-12
7445.0 1.64525e-12
7450.0 1.64084e-12
7455.0 1.64816e-12
7460.0 1.65263e-12
7465.0 1.66001e-12
7470.0 1.67051e-12
7475.0 1.67268e-12
7480.0 1.67212e-12
7485.0 1.66433e-12
7490.0 1.64943e-12
7495.0 1.63269e-12
7500.0 1.62382e-12
7505.0 1.61957e-12
7510.0 1.60999e-12
7515.0 1.60607e-12
7520.0 1.60281e-12
7525.0 1.59434e-12
7530.0 1.58091e-12
7535.0 1.56809e-12
7540.0 1.56589e-12
7545.0 1.57234e-12
7550.0 1.58675e-12
7555.0 1.58702e-12
7560.0 1.58466e-12
7565.0 1.58231e-12
7570.0 1.57995e-12
7575.0 1.5776e-12
7580.0 1.57524e-12
7585.0 1.57289e-12
7590.0 1.57053e-12
7595.0 1.56818e-12
7600.0 1.56583e-12
7605.0 1.56347e-12
7610.0 1.56112e-12
7615.0 1.55876e-12
7620.0 1.5564e-12
7625.0 1.55405e-12
7630.0 1.55169e-12
7635.0 1.54934e-12
7640.0 1.54698e-12
7645.0 1.54462e-12
7650.0 1.54227e-12
7655.0 1.53991e-12
7660.0 1.53756e-12
7665.0 1.5352e-12
7670.0 1.53285e-12
7675.0 1.53049e-12
7680.0 1.52814e-12
7685.0 1.52578e-12
7690.0 1.52343e-12
7695.0 1.52107e-12
7700.0 1.51872e-12
7705.0 1.51636e-12
7710.0 1.51401e-12
7715.0 1.51165e-12
7720.0 1.5093e-12
7725.0 1.50694e-12
7730.0 1.50445e-12
7735.0 1.50269e-12
7740.0 1.51026e-12
7745.0 1.52145e-12
7750.0 1.53004e-12
7755.0 1.5273e-12
7760.0 1.50254e-12
7765.0 1.46434e-12
7770.0 1.41397e-12
7775.0 1.38623e-12
7780.0 1.40823e-12
7785.0 1.43447e-12
7790.0 1.46141e-12
7795.0 1.47881e-12
7800.0 1.48201e-12
7805.0 1.46766e-12
7810.0 1.45054e-12
7815.0 1.4378e-12
7820.0 1.43509e-12
7825.0 1.43688e-12
7830.0 1.43208e-12
7835.0 1.42733e-12
7840.0 1.42505e-12
7845.0 1.4276e-12
7850.0 1.4388e-12
7855.0 1.45292e-12
7860.0 1.46249e-12
7865.0 1.45606e-12
7870.0 1.43792e-12
7875.0 1.41913e-12
7880.0 1.4112e-12
7885.0 1.41566e-12
7890.0 1.41347e-12
7895.0 1.40206e-12
7900.0 1.38591e-12
7905.0 1.37312e-12
7910.0 1.36342e-12
7915.0 1.36221e-12
7920.0 1.37624e-12
7925.0 1.3935e-12
7930.0 1.40123e-12
7935.0 1.40428e-12
7940.0 1.40446e-12
7945.0 1.39519e-12
7950.0 1.38943e-12
7955.0 1.38045e-12
7960.0 1.36948e-12
7965.0 1.37172e-12
7970.0 1.37802e-12
7975.0 1.38613e-12
7980.0 1.38798e-12
7985.0 1.38171e-12
7990.0 1.36983e-12
7995.0 1.35352e-12
8000.0 1.34335e-12
8005.0 1.34547e-12
8010.0 1.35695e-12
8015.0 1.35926e-12
8020.0 1.35624e-12
8025.0 1.35268e-12
8030.0 1.34915e-12
8035.0 1.34717e-12
8040.0 1.34514e-12
8045.0 1.33947e-12
8050.0 1.33854e-12
8055.0 1.33865e-12
8060.0 1.33552e-12
8065.0 1.33383e-12
8070.0 1.32641e-12
8075.0 1.31999e-12
8080.0 1.31515e-12
8085.0 1.31073e-12
8090.0 1.30902e-12
8095.0 1.30958e-12
8100.0 1.30745e-12
8105.0 1.30667e-12
8110.0 1.30423e-12
8115.0 1.30308e-12
8120.0 1.30225e-12
8125.0 1.30548e-12
8130.0 1.30646e-12
8135.0 1.30214e-12
8140.0 1.29852e-12
8145.0 1.28934e-12
8150.0 1.2806e-12
8155.0 1.26669e-12
8160.0 1.25367e-12
8165.0 1.24254e-12
8170.0 1.24316e-12
8175.0 1.23933e-12
8180.0 1.22831e-12
8185.0 1.23133e-12
8190.0 1.23029e-12
8195.0 1.2274e-12
8200.0 1.23297e-12
8205.0 1.2423e-12
8210.0 1.24572e-12
8215.0 1.23766e-12
8220.0 1.23035e-12
8225.0 1.21326e-12
8230.0 1.1968e-12
8235.0 1.21108e-12
8240.0 1.22594e-12
8245.0 1.22695e-12
8250.0 1.22635e-12
8255.0 1.22339e-12
8260.0 1.22201e-12
8265.0 1.22207e-12
8270.0 1.21885e-12
8275.0 1.20792e-12
8280.0 1.20477e-12
8285.0 1.20265e-12
8290.0 1.19982e-12
8295.0 1.19944e-12
8300.0 1.19894e-12
8305.0 1.20011e-12
8310.0 1.19999e-12
8315.0 1.19565e-12
8320.0 1.19071e-12
8325.0 1.18744e-12
8330.0 1.18126e-12
8335.0 1.17467e-12
8340.0 1.17804e-12
8345.0 1.18086e-12
8350.0 1.18342e-12
8355.0 1.18371e-12
8360.0 1.18174e-12
8365.0 1.18073e-12
8370.0 1.18112e-12
8375.0 1.18054e-12
8380.0 1.18112e-12
8385.0 1.18266e-12
8390.0 1.18856e-12
8395.0 1.19737e-12
8400.0 1.19868e-12
8405.0 1.19376e-12
8410.0 1.18511e-12
8415.0 1.17692e-12
8420.0 1.16933e-12
8425.0 1.16639e-12
8430.0 1.16168e-12
8435.0 1.15519e-12
8440.0 1.14913e-12
8445.0 1.14123e-12
8450.0 1.13832e-12
8455.0 1.14148e-12
8460.0 1.13714e-12
8465.0 1.13376e-12
8470.0 1.13478e-12
8475.0 1.14823e-12
8480.0 1.15867e-12
8485.0 1.16177e-12
8490.0 1.15641e-12
8495.0 1.13254e-12
8500.0 1.11431e-12
8505.0 1.12178e-12
8510.0 1.13151e-12
8515.0 1.13621e-12
8520.0 1.14086e-12
8525.0 1.13897e-12
8530.0 1.13345e-12
8535.0 1.11984e-12
8540.0 1.08782e-12
8545.0 1.08259e-12
8550.0 1.11347e-12
8555.0 1.13213e-12
8560.0 1.14532e-12
8565.0 1.15334e-12
8570.0 1.15576e-12
8575.0 1.15987e-12
8580.0 1.15389e-12
8585.0 1.13607e-12
8590.0 1.11609e-12
8595.0 1.09204e-12
8600.0 1.08411e-12
8605.0 1.09893e-12
8610.0 1.11592e-12
8615.0 1.13286e-12
8620.0 1.14759e-12
8625.0 1.16137e-12
8630.0 1.16984e-12
8635.0 1.17466e-12
8640.0 1.16602e-12
8645.0 1.14714e-12
8650.0 1.11876e-12
8655.0 1.07971e-12
8660.0 1.03425e-12
8665.0 1.01244e-12
8670.0 1.03948e-12
8675.0 1.07492e-12
8680.0 1.10118e-12
8685.0 1.12352e-12
8690.0 1.14349e-12
8695.0 1.16216e-12
8700.0 1.17675e-12
8705.0 1.18739e-12
8710.0 1.18702e-12
8715.0 1.18283e-12
8720.0 1.17327e-12
8725.0 1.15518e-12
8730.0 1.13167e-12
8735.0 1.10653e-12
8740.0 1.07105e-12
8745.0 1.03329e-12
8750.0 1.00728e-12
8755.0 1.01718e-12
8760.0 1.04525e-12
8765.0 1.07985e-12
8770.0 1.10896e-12
8775.0 1.13408e-12
8780.0 1.14889e-12
8785.0 1.15121e-12
8790.0 1.14406e-12
8795.0 1.13647e-12
8800.0 1.13342e-12
8805.0 1.12712e-12
8810.0 1.12427e-12
8815.0 1.12794e-12
8820.0 1.1234e-12
8825.0 1.10913e-12
8830.0 1.09287e-12
8835.0 1.07524e-12
8840.0 1.05627e-12
8845.0 1.03489e-12
8850.0 1.01325e-12
8855.0 9.85467e-13
8860.0 9.53261e-13
8865.0 9.43553e-13
8870.0 9.62733e-13
8875.0 9.85302e-13
8880.0 1.00536e-12
8885.0 1.02883e-12
8890.0 1.05565e-12
8895.0 1.07694e-12
8900.0 1.09114e-12
8905.0 1.10148e-12
8910.0 1.10144e-12
8915.0 1.10167e-12
8920.0 1.10391e-12
8925.0 1.10492e-12
8930.0 1.10802e-12
8935.0 1.11396e-12
8940.0 1.12038e-12
8945.0 1.11757e-12
8950.0 1.10718e-12
8955.0 1.1056e-12
8960.0 1.10892e-12
8965.0 1.0985e-12
8970.0 1.09007e-12
8975.0 1.08256e-12
8980.0 1.06703e-12
8985.0 1.0416e-12
8990.0 1.00654e-12
8995.0 9.88378e-13
9000.0 9.61837e-13
9005.0 9.28036e-13
9010.0 8.96116e-13
9015.0 8.73943e-13
9020.0 8.93512e-13
9025.0 9.36099e-13
9030.0 9.82985e-13
9035.0 1.02376e-12
9040.0 1.04705e-12
9045.0 1.06177e-12
9050.0 1.06584e-12
9055.0 1.06131e-12
9060.0 1.04898e-12
9065.0 1.03978e-12
9070.0 1.03619e-12
9075.0 1.03389e-12
9080.0 1.03233e-12
9085.0 1.03949e-12
9090.0 1.03212e-12
9095.0 1.04075e-12
9100.0 1.0495e-12
9105.0 1.05556e-12
9110.0 1.05639e-12
9115.0 1.06078e-12
9120.0 1.06129e-12
9125.0 1.06808e-12
9130.0 1.06068e-12
9135.0 1.05242e-12
9140.0 1.05618e-12
9145.0 1.05894e-12
9150.0 1.04616e-12
9155.0 1.02901e-12
9160.0 1.02619e-12
9165.0 1.03245e-12
9170.0 1.03012e-12
9175.0 1.01848e-12
9180.0 1.02378e-12
9185.0 1.02363e-12
9190.0 1.01783e-12
9195.0 1.0062e-12
9200.0 9.92205e-13
9205.0 9.68349e-13
9210.0 9.38819e-13
9215.0 9.04075e-13
9220.0 8.70757e-13
9225.0 8.35475e-13
9230.0 8.1691e-13
9235.0 8.34538e-13
9240.0 8.66243e-13
9245.0 8.92391e-13
9250.0 9.20556e-13
9255.0 9.44879e-13
9260.0 9.66125e-13
9265.0 9.93417e-13
9270.0 1.0154e-12
9275.0 1.03277e-12
9280.0 1.03889e-12
9285.0 1.05148e-12
9290.0 1.05355e-12
9295.0 1.04934e-12
9300.0 1.03645e-12
9305.0 1.02897e-12
9310.0 1.02241e-12
9315.0 1.00066e-12
9320.0 9.89282e-13
9325.0 9.93774e-13
9330.0 1.00789e-12
9335.0 1.00415e-12
9340.0 9.84188e-13
9345.0 9.65658e-13
9350.0 9.87529e-13
9355.0 9.67149e-13
9360.0 9.61235e-13
9365.0 9.82317e-13
9370.0 9.68022e-13
9375.0 9.83705e-13
9380.0 9.93222e-13
9385.0 1.0164e-12
9390.0 1.04349e-12
9395.0 1.07186e-12
9400.0 1.05405e-12
9405.0 1.02402e-12
9410.0 9.92849e-13
9415.0 9.81831e-13
9420.0 9.63263e-13
9425.0 9.45679e-13
9430.0 9.27737e-13
9435.0 9.49212e-13
9440.0 9.3084e-13
9445.0 9.35381e-13
9450.0 9.59336e-13
9455.0 9.50196e-13
9460.0 9.35288e-13
9465.0 9.59486e-13
9470.0 9.78395e-13
9475.0 9.70908e-13
9480.0 9.57482e-13
9485.0 9.57539e-13
9490.0 9.63194e-13
9495.0 9.20083e-13
9500.0 8.94494e-13
9505.0 9.15595e-13
9510.0 9.39102e-13
9515.0 9.11387e-13
9520.0 8.75279e-13
9525.0 8.56576e-13
9530.0 8.38199e-13
9535.0 8.22075e-13
9540.0 7.81665e-13
9545.0 7.42697e-13
9550.0 7.63775e-13
9555.0 7.97659e-13
9560.0 8.22272e-13
9565.0 8.3343e-13
9570.0 8.59234e-13
9575.0 8.8627e-13
9580.0 8.80712e-13
9585.0 8.82964e-13
9590.0 8.77134e-13
9595.0 8.78267e-13
9600.0 8.86299e-13
9605.0 8.89306e-13
9610.0 8.89964e-13
9615.0 8.90687e-13
9620.0 8.81098e-13
9625.0 8.89715e-13
9630.0 8.81278e-13
9635.0 8.79082e-13
9640.0 8.7656e-13
9645.0 8.77987e-13
9650.0 8.84576e-13
9655.0 8.87715e-13
9660.0 8.84361e-13
9665.0 8.81637e-13
9670.0 8.95399e-13
9675.0 9.09292e-13
9680.0 9.04501e-13
9685.0 9.02782e-13
9690.0 8.96875e-13
9695.0 8.91188e-13
9700.0 8.78605e-13
9705.0 8.72885e-13
9710.0 8.87645e-13
9715.0 8.79575e-13
9720.0 8.75631e-13
9725.0 8.76988e-13
9730.0 8.78805e-13
9735.0 8.77516e-13
9740.0 8.7004e-13
9745.0 8.68086e-13
9750.0 8.61103e-13
9755.0 8.56015e-13
9760.0 8.56405e-13
9765.0 8.54194e-13
9770.0 8.62602e-13
9775.0 8.61913e-13
9780.0 8.6416e-13
9785.0 8.55846e-13
9790.0 8.42071e-13
9795.0 8.43882e-13
9800.0 8.47123e-13
9805.0 8.42185e-13
9810.0 8.4371e-13
9815.0 8.54327e-13
9820.0 8.53104e-13
9825.0 8.54208e-13
9830.0 8.58122e-13
9835.0 8.55332e-13
9840.0 8.62526e-13
9845.0 8.63341e-13
9850.0 8.59654e-13
9855.0 8.5393e-13
9860.0 8.52854e-13
9865.0 8.52012e-13
9870.0 8.36965e-13
9875.0 8.14989e-13
9880.0 8.11878e-13
9885.0 8.10241e-13
9890.0 8.18429e-13
9895.0 8.1543e-13
9900.0 8.15659e-13
9905.0 8.24131e-13
9910.0 8.32611e-13
9915.0 8.36729e-13
9920.0 8.22221e-13
9925.0 8.23008e-13
9930.0 8.15911e-13
9935.0 8.14027e-13
9940.0 8.17356e-13
9945.0 8.09351e-13
9950.0 8.09526e-13
9955.0 8.34651e-13
9960.0 8.12941e-13
9965.0 8.12042e-13
9970.0 7.97388e-13
9975.0 7.9277e-13
9980.0 7.89039e-13
9985.0 7.9176e-13
9990.0 7.99805e-13
9995.0 7.93808e-13
10000.0 7.86096e-13
10005.0 7.7448e-13
10010.0 7.641e-13
10015.0 7.54193e-13
10020.0 7.49947e-13
10025.0 7.30639e-13
10030.0 7.11397e-13
10035.0 6.90297e-13
10040.0 6.70541e-13
10045.0 6.55347e-13
10050.0 6.47273e-13
10055.0 6.50334e-13
10060.0 6.7126e-13
10065.0 6.87169e-13
10070.0 6.94347e-13
10075.0 7.18906e-13
10080.0 7.41374e-13
10085.0 7.57599e-13
10090.0 7.60644e-13
10095.0 7.67317e-13
10100.0 7.85422e-13
10105.0 7.84117e-13
10110.0 7.77075e-13
10115.0 7.6958e-13
10120.0 7.63916e-13
10125.0 7.61703e-13
10130.0 7.62837e-13
10135.0 7.66548e-13
10140.0 7.71978e-13
10145.0 7.78046e-13
10150.0 7.83088e-13
10155.0 7.85206e-13
10160.0 7.82619e-13
10165.0 7.74794e-13
10170.0 7.64489e-13
10175.0 7.55714e-13
10180.0 7.52424e-13
10185.0 7.56706e-13
10190.0 7.6581e-13
10195.0 7.75118e-13
10200.0 7.79985e-13
10205.0 7.77369e-13
10210.0 7.68368e-13
10215.0 7.55685e-13
10220.0 7.42139e-13
10225.0 7.30238e-13
10230.0 7.21647e-13
10235.0 7.1771e-13
10240.0 7.19621e-13
10245.0 7.27396e-13
10250.0 7.37981e-13
10255.0 7.47142e-13
10260.0 7.50721e-13
10265.0 7.46404e-13
10270.0 7.36713e-13
10275.0 7.26022e-13
10280.0 7.18728e-13
10285.0 7.1765e-13
10290.0 7.21487e-13
10295.0 7.27344e-13
10300.0 7.32269e-13
10305.0 7.34213e-13
10310.0 7.33877e-13
10315.0 7.33088e-13
10320.0 7.32844e-13
10325.0 7.33656e-13
10330.0 7.35202e-13
10335.0 7.36837e-13
10340.0 7.379e-13
10345.0 7.37925e-13
10350.0 7.36962e-13
10355.0 7.35257e-13
10360.0 7.33069e-13
10365.0 7.30668e-13
10370.0 7.28321e-13
10375.0 7.26313e-13
10380.0 7.24904e-13
10385.0 7.24195e-13
10390.0 7.23871e-13
10395.0 7.23449e-13
10400.0 7.22457e-13
10405.0 7.20588e-13
10410.0 7.17973e-13
10415.0 7.14914e-13
10420.0 7.1173e-13
10425.0 7.08726e-13
10430.0 7.06163e-13
10435.0 7.04296e-13
10440.0 7.03363e-13
10445.0 7.03448e-13
10450.0 7.04267e-13
10455.0 7.05389e-13
10460.0 7.06372e-13
10465.0 7.06819e-13
10470.0 7.06452e-13
10475.0 7.05032e-13
10480.0 7.02358e-13
10485.0 6.98483e-13
10490.0 6.94115e-13
10495.0 6.90214e-13
10500.0 6.87731e-13
10505.0 6.87229e-13
10510.0 6.88272e-13
10515.0 6.90036e-13
10520.0 6.91681e-13
10525.0 6.92653e-13
10530.0 6.93123e-13
10535.0 6.93536e-13
10540.0 6.94327e-13
10545.0 6.95662e-13
10550.0 6.96942e-13
10555.0 6.97295e-13
10560.0 6.95864e-13
10565.0 6.92349e-13
10570.0 6.87887e-13
10575.0 6.84167e-13
10580.0 6.82849e-13
10585.0 6.84824e-13
10590.0 6.8897e-13
10595.0 6.9338e-13
10600.0 6.96141e-13
10605.0 6.95933e-13
10610.0 6.93022e-13
10615.0 6.8826e-13
10620.0 6.83019e-13
10625.0 6.8048e-13
10630.0 6.79449e-13
10635.0 6.78593e-13
10640.0 6.77737e-13
10645.0 6.7688e-13
10650.0 6.76024e-13
10655.0 6.75168e-13
10660.0 6.7431e-13
10665.0 6.73455e-13
10670.0 6.72595e-13
10675.0 6.71738e-13
10680.0 6.7088e-13
10685.0 6.70022e-13
10690.0 6.69165e-13
10695.0 6.68306e-13
10700.0 6.67449e-13
10705.0 6.66589e-13
10710.0 6.65731e-13
10715.0 6.64872e-13
10720.0 6.64012e-13
10725.0 6.63152e-13
10730.0 6.62294e-13
10735.0 6.61435e-13
10740.0 6.60575e-13
10745.0 6.59715e-13
10750.0 6.58854e-13
10755.0 6.57994e-13
10760.0 6.57134e-13
10765.0 6.56275e-13
10770.0 6.55414e-13
10775.0 6.54554e-13
10780.0 6.53694e-13
10785.0 6.52834e-13
10790.0 6.51974e-13
10795.0 6.51114e-13
10800.0 6.50251e-13
10805.0 6.49391e-13
10810.0 6.48531e-13
10815.0 6.4767e-13
10820.0 6.46808e-13
10825.0 6.45947e-13
10830.0 6.45087e-13
10835.0 6.44226e-13
10840.0 6.43363e-13
10845.0 6.42502e-13
10850.0 6.41644e-13
10855.0 6.40783e-13
10860.0 6.39919e-13
10865.0 6.39058e-13
10870.0 6.38198e-13
10875.0 6.37335e-13
10880.0 6.36476e-13
10885.0 6.35616e-13
10890.0 6.34752e-13
10895.0 6.33892e-13
10900.0 6.33031e-13
10905.0 6.32171e-13
10910.0 6.31308e-13
10915.0 6.30448e-13
10920.0 6.29588e-13
10925.0 6.28727e-13
10930.0 6.27866e-13
10935.0 6.27005e-13
10940.0 6.26145e-13
10945.0 6.25284e-13
10950.0 6.24424e-13
10955.0 6.23564e-13
10960.0 6.22704e-13
10965.0 6.21845e-13
10970.0 6.20984e-13
10975.0 6.20125e-13
10980.0 6.19263e-13
10985.0 6.18404e-13
10990.0 6.17544e-13
10995.0 6.16683e-13
11000.0 6.15824e-13
11005.0 6.14965e-13
11010.0 6.14107e-13
11015.0 6.13247e-13
11020.0 6.12388e-13
11025.0 6.1153e-13
11030.0 6.10671e-13
11035.0 6.09811e-13
11040.0 6.08953e-13
11045.0 6.08094e-13
11050.0 6.07237e-13
11055.0 6.06381e-13
11060.0 6.05521e-13
11065.0 6.04664e-13
11070.0 6.03807e-13
11075.0 6.02951e-13
11080.0 6.02095e-13
11085.0 6.01238e-13
11090.0 6.00381e-13
11095.0 5.99525e-13
11100.0 5.98668e-13
11105.0 5.97812e-13
11110.0 5.96959e-13
11115.0 5.96103e-13
11120.0 5.95249e-13
11125.0 5.94393e-13
11130.0 5.93539e-13
11135.0 5.92684e-13
11140.0 5.91832e-13
11145.0 5.90978e-13
11150.0 5.90125e-13
11155.0 5.89273e-13
11160.0 5.88419e-13
11165.0 5.87566e-13
11170.0 5.86714e-13
11175.0 5.8586e-13
11180.0 5.85011e-13
11185.0 5.84157e-13
11190.0 5.83308e-13
11195.0 5.82455e-13
11200.0 5.81606e-13
11205.0 5.80756e-13
11210.0 5.79907e-13
11215.0 5.79058e-13
11220.0 5.78208e-13
11225.0 5.77359e-13
11230.0 5.76509e-13
11235.0 5.75662e-13
11240.0 5.74814e-13
11245.0 5.73967e-13
11250.0 5.73122e-13
11255.0 5.72273e-13
11260.0 5.71426e-13
11265.0 5.70582e-13
11270.0 5.69738e-13
11275.0 5.68893e-13
11280.0 5.68048e-13
11285.0 5.67203e-13
11290.0 5.66359e-13
11295.0 5.65516e-13
11300.0 5.64674e-13
11305.0 5.63832e-13
11310.0 5.62988e-13
11315.0 5.62146e-13
11320.0 5.61303e-13
11325.0 5.60465e-13
11330.0 5.59624e-13
11335.0 5.58784e-13
11340.0 5.57946e-13
11345.0 5.57106e-13
11350.0 5.56267e-13
11355.0 5.55429e-13
11360.0 5.5459e-13
11365.0 5.53754e-13
11370.0 5.5292e-13
11375.0 5.52081e-13
11380.0 5.51245e-13
11385.0 5.50409e-13
11390.0 5.49576e-13
11395.0 5.48743e-13
11400.0 5.47907e-13
11405.0 5.47076e-13
11410.0 5.46244e-13
11415.0 5.45413e-13
11420.0 5.44581e-13
11425.0 5.43749e-13
11430.0 5.42917e-13
11435.0 5.42089e-13
11440.0 5.41261e-13
11445.0 5.40429e-13
11450.0 5.39601e-13
11455.0 5.38776e-13
11460.0 5.37948e-13
11465.0 5.37121e-13
11470.0 5.36296e-13
11475.0 5.35471e-13
11480.0 5.34647e-13
11485.0 5.33822e-13
11490.0 5.32997e-13
11495.0 5.32176e-13
11500.0 5.31354e-13
11505.0 5.3053e-13
11510.0 5.29709e-13
11515.0 5.28891e-13
11520.0 5.2807e-13
11525.0 5.27252e-13
11530.0 5.26432e-13
11535.0 5.25613e-13
11540.0 5.24796e-13
11545.0 5.23982e-13
11550.0 5.23164e-13
11555.0 5.22351e-13
11560.0 5.21537e-13
11565.0 5.20722e-13
11570.0 5.19909e-13
11575.0 5.19095e-13
11580.0 5.18284e-13
11585.0 5.17473e-13
11590.0 5.16663e-13
11595.0 5.15852e-13
11600.0 5.15044e-13
11605.0 5.14235e-13
11610.0 5.13427e-13
11615.0 5.12621e-13
11620.0 5.11814e-13
11625.0 5.1101e-13
11630.0 5.10204e-13
11635.0 5.094e-13
11640.0 5.08597e-13
11645.0 5.07796e-13
11650.0 5.06994e-13
11655.0 5.06193e-13
11660.0 5.05393e-13
11665.0 5.04593e-13
11670.0 5.03794e-13
11675.0 5.02997e-13
11680.0 5.02201e-13
11685.0 5.01404e-13
11690.0 5.00608e-13
11695.0 4.99815e-13
11700.0 4.9902e-13
11705.0 4.98227e-13
11710.0 4.97434e-13
11715.0 4.96644e-13
11720.0 4.95852e-13
11725.0 4.95062e-13
11730.0 4.94273e-13
11735.0 4.93487e-13
11740.0 4.92698e-13
11745.0 4.91912e-13
11750.0 4.91127e-13
11755.0 4.90344e-13
11760.0 4.8956e-13
11765.0 4.88776e-13
11770.0 4.87994e-13
11775.0 4.87212e-13
11780.0 4.86434e-13
11785.0 4.85655e-13
11790.0 4.84875e-13
11795.0 4.84098e-13
11800.0 4.83322e-13
11805.0 4.82545e-13
11810.0 4.81771e-13
11815.0 4.80997e-13
11820.0 4.80225e-13
11825.0 4.79452e-13
11830.0 4.78682e-13
11835.0 4.77912e-13
11840.0 4.77143e-13
11845.0 4.76374e-13
11850.0 4.75606e-13
11855.0 4.74839e-13
11860.0 4.74074e-13
11865.0 4.73309e-13
11870.0 4.72545e-13
11875.0 4.71784e-13
11880.0 4.71022e-13
11885.0 4.70262e-13
11890.0 4.69502e-13
11895.0 4.68745e-13
11900.0 4.67986e-13
11905.0 4.67229e-13
11910.0 4.66475e-13
11915.0 4.65719e-13
11920.0 4.64963e-13
11925.0 4.64214e-13
11930.0 4.63463e-13
11935.0 4.62713e-13
11940.0 4.61963e-13
11945.0 4.61213e-13
11950.0 4.60465e-13
11955.0 4.5972e-13
11960.0 4.58976e-13
11965.0 4.58232e-13
11970.0 4.57489e-13
11975.0 4.56746e-13
11980.0 4.56005e-13
11985.0 4.55266e-13
11990.0 4.54527e-13
11995.0 4.5379e-13
12000.0 4.53055e-13
12005.0 4.52318e-13
12010.0 4.51582e-13
12015.0 4.5085e-13
12020.0 4.50117e-13
12025.0 4.49388e-13
12030.0 4.48658e-13
12035.0 4.47929e-13
12040.0 4.47201e-13
12045.0 4.46475e-13
12050.0 4.45749e-13
12055.0 4.45023e-13
12060.0 4.44301e-13
12065.0 4.4358e-13
12070.0 4.4286e-13
12075.0 4.42139e-13
12080.0 4.41421e-13
12085.0 4.40705e-13
12090.0 4.39988e-13
12095.0 4.39275e-13
12100.0 4.38561e-13
12105.0 4.3785e-13
12110.0 4.37138e-13
12115.0 4.36427e-13
12120.0 4.35718e-13
12125.0 4.35011e-13
12130.0 4.34306e-13
12135.0 4.33599e-13
12140.0 4.32895e-13
12145.0 4.32193e-13
12150.0 4.31492e-13
12155.0 4.30792e-13
12160.0 4.30094e-13
12165.0 4.29397e-13
12170.0 4.28699e-13
12175.0 4.28003e-13
12180.0 4.2731e-13
12185.0 4.26618e-13
12190.0 4.25926e-13
12195.0 4.25238e-13
12200.0 4.24548e-13
12205.0 4.23862e-13
12210.0 4.23176e-13
12215.0 4.22491e-13
12220.0 4.21806e-13
12225.0 4.21125e-13
12230.0 4.20443e-13
12235.0 4.19763e-13
12240.0 4.19088e-13
12245.0 4.18411e-13
12250.0 4.17735e-13
12255.0 4.17059e-13
12260.0 4.16387e-13
12265.0 4.15715e-13
12270.0 4.15045e-13
12275.0 4.14376e-13
12280.0 4.13708e-13
12285.0 4.13042e-13
12290.0 4.12377e-13
12295.0 4.11712e-13
12300.0 4.11049e-13
12305.0 4.10388e-13
12310.0 4.09728e-13
12315.0 4.09069e-13
12320.0 4.08412e-13
12325.0 4.07755e-13
12330.0 4.07099e-13
12335.0 4.06446e-13
12340.0 4.05793e-13
12345.0 4.05142e-13
12350.0 4.04492e-13
12355.0 4.03843e-13
12360.0 4.03196e-13
12365.0 4.02551e-13
12370.0 4.01904e-13
12375.0 4.0126e-13
12380.0 4.00619e-13
12385.0 3.99979e-13
12390.0 3.99338e-13
12395.0 3.987e-13
12400.0 3.98061e-13
12405.0 3.97426e-13
12410.0 3.9679e-13
12415.0 3.96157e-13
12420.0 3.95525e-13
12425.0 3.94893e-13
12430.0 3.94262e-13
12435.0 3.93635e-13
12440.0 3.93006e-13
12445.0 3.9238e-13
12450.0 3.91756e-13
12455.0 3.91134e-13
12460.0 3.90511e-13
12465.0 3.89888e-13
12470.0 3.89269e-13
12475.0 3.8865e-13
12480.0 3.88033e-13
12485.0 3.87418e-13
12490.0 3.86801e-13
12495.0 3.86186e-13
12500.0 3.85573e-13
12505.0 3.84961e-13
12510.0 3.84352e-13
12515.0 3.83744e-13
12520.0 3.83135e-13
12525.0 3.8253e-13
12530.0 3.81924e-13
12535.0 3.8132e-13
12540.0 3.80717e-13
12545.0 3.80116e-13
12550.0 3.79514e-13
12555.0 3.78916e-13
12560.0 3.78318e-13
12565.0 3.7772e-13
12570.0 3.77125e-13
12575.0 3.7653e-13
12580.0 3.75936e-13
12585.0 3.75345e-13
12590.0 3.74754e-13
12595.0 3.74164e-13
12600.0 3.73575e-13
12605.0 3.72988e-13
12610.0 3.724e-13
12615.0 3.71816e-13
12620.0 3.71232e-13
12625.0 3.70649e-13
12630.0 3.70068e-13
12635.0 3.69487e-13
12640.0 3.68907e-13
12645.0 3.6833e-13
12650.0 3.67753e-13
12655.0 3.67177e-13
12660.0 3.66603e-13
12665.0 3.6603e-13
12670.0 3.65456e-13
12675.0 3.64886e-13
12680.0 3.64316e-13
12685.0 3.63747e-13
12690.0 3.6318e-13
12695.0 3.62614e-13
12700.0 3.62048e-13
12705.0 3.61485e-13
12710.0 3.60922e-13
12715.0 3.6036e-13
12720.0 3.598e-13
12725.0 3.59241e-13
12730.0 3.58682e-13
12735.0 3.58126e-13
12740.0 3.5757e-13
12745.0 3.57015e-13
12750.0 3.56462e-13
12755.0 3.55908e-13
12760.0 3.55358e-13
12765.0 3.54807e-13
12770.0 3.54257e-13
12775.0 3.53709e-13
12780.0 3.53165e-13
12785.0 3.52619e-13
12790.0 3.52074e-13
12795.0 3.51529e-13
12800.0 3.50987e-13
12805.0 3.50446e-13
12810.0 3.49907e-13
12815.0 3.49367e-13
12820.0 3.48828e-13
12825.0 3.48294e-13
12830.0 3.47756e-13
12835.0 3.47221e-13
12840.0 3.4669e-13
12845.0 3.46157e-13
12850.0 3.45625e-13
12855.0 3.45097e-13
12860.0 3.44567e-13
12865.0 3.4404e-13
12870.0 3.43512e-13
12875.0 3.42988e-13
12880.0 3.42464e-13
12885.0 3.41941e-13
12890.0 3.41418e-13
12895.0 3.40896e-13
12900.0 3.40377e-13
12905.0 3.39859e-13
12910.0 3.3934e-13
12915.0 3.38822e-13
12920.0 3.38309e-13
12925.0 3.37793e-13
12930.0 3.37279e-13
12935.0 3.36766e-13
12940.0 3.36256e-13
12945.0 3.35747e-13
12950.0 3.35237e-13
12955.0 3.34728e-13
12960.0 3.34221e-13
12965.0 3.33716e-13
12970.0 3.33212e-13
12975.0 3.32707e-13
12980.0 3.32204e-13
12985.0 3.31705e-13
12990.0 3.31203e-13
12995.0 3.30703e-13
13000.0 3.30204e-13
13005.0 3.29708e-13
13010.0 3.29213e-13
13015.0 3.28718e-13
13020.0 3.28222e-13
13025.0 3.2773e-13
13030.0 3.27238e-13
13035.0 3.26746e-13
13040.0 3.26258e-13
13045.0 3.25769e-13
13050.0 3.25281e-13
13055.0 3.24793e-13
13060.0 3.24308e-13
13065.0 3.23823e-13
13070.0 3.23341e-13
13075.0 3.22857e-13
13080.0 3.22375e-13
13085.0 3.21895e-13
13090.0 3.21416e-13
13095.0 3.20939e-13
13100.0 3.20461e-13
13105.0 3.19983e-13
13110.0 3.19509e-13
13115.0 3.19034e-13
13120.0 3.1856e-13
13125.0 3.18089e-13
13130.0 3.17618e-13
13135.0 3.17148e-13
13140.0 3.1668e-13
13145.0 3.1621e-13
13150.0 3.15743e-13
13155.0 3.15278e-13
13160.0 3.14812e-13
13165.0 3.14348e-13
13170.0 3.13887e-13
13175.0 3.13425e-13
13180.0 3.12964e-13
13185.0 3.12504e-13
13190.0 3.12044e-13
13195.0 3.11588e-13
13200.0 3.11131e-13
13205.0 3.10675e-13
13210.0 3.10221e-13
13215.0 3.09765e-13
13220.0 3.09312e-13
13225.0 3.08862e-13
13230.0 3.0841e-13
13235.0 3.0796e-13
13240.0 3.07511e-13
13245.0 3.07064e-13
13250.0 3.06618e-13
13255.0 3.06173e-13
13260.0 3.05727e-13
13265.0 3.05284e-13
13270.0 3.04839e-13
13275.0 3.04399e-13
13280.0 3.03957e-13
13285.0 3.03518e-13
13290.0 3.03079e-13
13295.0 3.0264e-13
13300.0 3.02201e-13
13305.0 3.01766e-13
13310.0 3.01331e-13
13315.0 3.00898e-13
13320.0 3.00463e-13
13325.0 3.00031e-13
13330.0 2.996e-13
13335.0 2.99171e-13
13340.0 2.98741e-13
13345.0 2.98312e-13
13350.0 2.97886e-13
13355.0 2.97459e-13
13360.0 2.97034e-13
13365.0 2.96609e-13
13370.0 2.96187e-13
13375.0 2.95764e-13
13380.0 2.95342e-13
13385.0 2.94921e-13
13390.0 2.94503e-13
13395.0 2.94082e-13
13400.0 2.93664e-13
13405.0 2.93247e-13
13410.0 2.92832e-13
13415.0 2.92418e-13
13420.0 2.92004e-13
13425.0 2.9159e-13
13430.0 2.91179e-13
13435.0 2.90766e-13
13440.0 2.90355e-13
13445.0 2.89948e-13
13450.0 2.89538e-13
13455.0 2.8913e-13
13460.0 2.88723e-13
13465.0 2.88319e-13
13470.0 2.87913e-13
13475.0 2.8751e-13
13480.0 2.87109e-13
13485.0 2.86707e-13
13490.0 2.86306e-13
13495.0 2.85906e-13
13500.0 2.85507e-13
13505.0 2.85106e-13
13510.0 2.8471e-13
13515.0 2.84313e-13
13520.0 2.83917e-13
13525.0 2.83525e-13
13530.0 2.83131e-13
13535.0 2.82739e-13
13540.0 2.82346e-13
13545.0 2.81953e-13
13550.0 2.81563e-13
13555.0 2.81175e-13
13560.0 2.80788e-13
13565.0 2.804e-13
13570.0 2.80013e-13
13575.0 2.79627e-13
13580.0 2.79242e-13
13585.0 2.7886e-13
13590.0 2.78477e-13
13595.0 2.78095e-13
13600.0 2.77713e-13
13605.0 2.77334e-13
13610.0 2.76952e-13
13615.0 2.76574e-13
13620.0 2.76197e-13
13625.0 2.75819e-13
13630.0 2.75444e-13
13635.0 2.75069e-13
13640.0 2.74694e-13
13645.0 2.74322e-13
13650.0 2.7395e-13
13655.0 2.73578e-13
13660.0 2.73208e-13
13665.0 2.72839e-13
13670.0 2.72468e-13
13675.0 2.721e-13
13680.0 2.71734e-13
13685.0 2.71367e-13
13690.0 2.71002e-13
13695.0 2.70637e-13
13700.0 2.70274e-13
13705.0 2.69912e-13
13710.0 2.69548e-13
13715.0 2.69187e-13
13720.0 2.68826e-13
13725.0 2.68467e-13
13730.0 2.68107e-13
13735.0 2.6775e-13
13740.0 2.67395e-13
13745.0 2.67039e-13
13750.0 2.66684e-13
13755.0 2.66328e-13
13760.0 2.65976e-13
13765.0 2.65622e-13
13770.0 2.65269e-13
13775.0 2.64918e-13
13780.0 2.64567e-13
13785.0 2.64218e-13
13790.0 2.6387e-13
13795.0 2.63524e-13
13800.0 2.63177e-13
13805.0 2.6283e-13
13810.0 2.62483e-13
13815.0 2.6214e-13
13820.0 2.61796e-13
13825.0 2.61453e-13
13830.0 2.6111e-13
13835.0 2.6077e-13
13840.0 2.6043e-13
13845.0 2.6009e-13
13850.0 2.59751e-13
13855.0 2.59414e-13
13860.0 2.59075e-13
13865.0 2.58739e-13
13870.0 2.58405e-13
13875.0 2.5807e-13
13880.0 2.57736e-13
13885.0 2.57402e-13
13890.0 2.57071e-13
13895.0 2.56739e-13
13900.0 2.56406e-13
13905.0 2.56076e-13
13910.0 2.55748e-13
13915.0 2.55419e-13
13920.0 2.55092e-13
13925.0 2.54765e-13
13930.0 2.54438e-13
13935.0 2.54113e-13
13940.0 2.5379e-13
13945.0 2.53465e-13
13950.0 2.53143e-13
13955.0 2.52821e-13
13960.0 2.52499e-13
13965.0 2.5218e-13
13970.0 2.51858e-13
13975.0 2.51539e-13
13980.0 2.51221e-13
13985.0 2.50905e-13
13990.0 2.50587e-13
13995.0 2.50272e-13
14000.0 2.49957e-13
14005.0 2.49642e-13
14010.0 2.49328e-13
14015.0 2.49016e-13
14020.0 2.48704e-13
14025.0 2.48393e-13
14030.0 2.48081e-13
14035.0 2.47771e-13
14040.0 2.47462e-13
14045.0 2.47154e-13
14050.0 2.46846e-13
14055.0 2.46539e-13
14060.0 2.46234e-13
14065.0 2.45929e-13
14070.0 2.45625e-13
14075.0 2.45321e-13
14080.0 2.45017e-13
14085.0 2.44715e-13
14090.0 2.44412e-13
14095.0 2.4411e-13
14100.0 2.4381e-13
14105.0 2.43512e-13
14110.0 2.43212e-13
14115.0 2.42914e-13
14120.0 2.42617e-13
14125.0 2.4232e-13
14130.0 2.42025e-13
14135.0 2.41729e-13
14140.0 2.41434e-13
14145.0 2.41141e-13
14150.0 2.4085e-13
14155.0 2.40558e-13
14160.0 2.40266e-13
14165.0 2.39973e-13
14170.0 2.39683e-13
14175.0 2.39396e-13
14180.0 2.39106e-13
14185.0 2.38819e-13
14190.0 2.38532e-13
14195.0 2.38246e-13
14200.0 2.37959e-13
14205.0 2.37673e-13
14210.0 2.37389e-13
14215.0 2.37106e-13
14220.0 2.36823e-13
14225.0 2.3654e-13
14230.0 2.36257e-13
14235.0 2.35977e-13
14240.0 2.35698e-13
14245.0 2.35417e-13
14250.0 2.35138e-13
14255.0 2.34862e-13
14260.0 2.34583e-13
14265.0 2.34307e-13
14270.0 2.3403e-13
14275.0 2.33755e-13
14280.0 2.33478e-13
14285.0 2.33205e-13
14290.0 2.32933e-13
14295.0 2.32661e-13
14300.0 2.32388e-13
14305.0 2.32116e-13
14310.0 2.31846e-13
14315.0 2.31574e-13
14320.0 2.31305e-13
14325.0 2.31036e-13
14330.0 2.30768e-13
14335.0 2.30502e-13
14340.0 2.30236e-13
14345.0 2.29968e-13
14350.0 2.29702e-13
14355.0 2.29439e-13
14360.0 2.29174e-13
14365.0 2.28909e-13
14370.0 2.28647e-13
14375.0 2.28385e-13
14380.0 2.28124e-13
14385.0 2.27864e-13
14390.0 2.27603e-13
14395.0 2.27344e-13
14400.0 2.27084e-13
14405.0 2.26828e-13
14410.0 2.26569e-13
14415.0 2.26311e-13
14420.0 2.26056e-13
14425.0 2.25798e-13
14430.0 2.25543e-13
14435.0 2.25289e-13
14440.0 2.25037e-13
14445.0 2.24783e-13
14450.0 2.24531e-13
14455.0 2.2428e-13
14460.0 2.24029e-13
14465.0 2.23777e-13
14470.0 2.23526e-13
14475.0 2.23277e-13
14480.0 2.23027e-13
14485.0 2.22779e-13
14490.0 2.22531e-13
14495.0 2.22284e-13
14500.0 2.22039e-13
14505.0 2.21792e-13
14510.0 2.21547e-13
14515.0 2.21303e-13
14520.0 2.21059e-13
14525.0 2.20815e-13
14530.0 2.20574e-13
14535.0 2.2033e-13
14540.0 2.20089e-13
14545.0 2.19848e-13
14550.0 2.19608e-13
14555.0 2.19368e-13
14560.0 2.19129e-13
14565.0 2.18889e-13
14570.0 2.18652e-13
14575.0 2.18415e-13
14580.0 2.18178e-13
14585.0 2.17941e-13
14590.0 2.17707e-13
14595.0 2.1747e-13
14600.0 2.17236e-13
14605.0 2.17003e-13
14610.0 2.16769e-13
14615.0 2.16536e-13
14620.0 2.16305e-13
14625.0 2.16072e-13
14630.0 2.15842e-13
14635.0 2.15611e-13
14640.0 2.15382e-13
14645.0 2.15152e-13
14650.0 2.14924e-13
14655.0 2.14695e-13
14660.0 2.14468e-13
14665.0 2.14242e-13
14670.0 2.14015e-13
14675.0 2.13789e-13
14680.0 2.13563e-13
14685.0 2.13339e-13
14690.0 2.13113e-13
14695.0 2.1289e-13
14700.0 2.12667e-13
14705.0 2.12444e-13
14710.0 2.12221e-13
14715.0 2.12001e-13
14720.0 2.11779e-13
14725.0 2.11559e-13
14730.0 2.1134e-13
14735.0 2.1112e-13
14740.0 2.10901e-13
14745.0 2.10685e-13
14750.0 2.10466e-13
14755.0 2.10249e-13
14760.0 2.10031e-13
14765.0 2.09815e-13
14770.0 2.09601e-13
14775.0 2.09386e-13
14780.0 2.0917e-13
14785.0 2.08957e-13
14790.0 2.08743e-13
14795.0 2.0853e-13
14800.0 2.08317e-13
14805.0 2.08105e-13
14810.0 2.07895e-13
14815.0 2.07684e-13
14820.0 2.07474e-13
14825.0 2.07263e-13
14830.0 2.07054e-13
14835.0 2.06845e-13
14840.0 2.06636e-13
14845.0 2.0643e-13
14850.0 2.06222e-13
14855.0 2.06016e-13
14860.0 2.05808e-13
14865.0 2.05603e-13
14870.0 2.05397e-13
14875.0 2.05193e-13
14880.0 2.0499e-13
14885.0 2.04785e-13
14890.0 2.04582e-13
14895.0 2.04378e-13
14900.0 2.04176e-13
14905.0 2.03974e-13
14910.0 2.03773e-13
14915.0 2.03571e-13
14920.0 2.03372e-13
14925.0 2.03172e-13
14930.0 2.02973e-13
14935.0 2.02775e-13
14940.0 2.02577e-13
14945.0 2.02378e-13
14950.0 2.0218e-13
14955.0 2.01982e-13
14960.0 2.01787e-13
14965.0 2.0159e-13
14970.0 2.01394e-13
14975.0 2.012e-13
14980.0 2.01005e-13
14985.0 2.0081e-13
14990.0 2.00616e-13
14995.0 2.00424e-13
15000.0 2.0023e-13
15005.0 2.00039e-13
15010.0 1.99848e-13
15015.0 1.99657e-13
15020.0 1.99465e-13
15025.0 1.99274e-13
15030.0 1.99084e-13
15035.0 1.98895e-13
15040.0 1.98705e-13
15045.0 1.98517e-13
15050.0 1.98329e-13
15055.0 1.98142e-13
15060.0 1.97954e-13
15065.0 1.97767e-13
15070.0 1.97579e-13
15075.0 1.97395e-13
15080.0 1.97208e-13
15085.0 1.97023e-13
15090.0 1.96839e-13
15095.0 1.96655e-13
15100.0 1.96471e-13
15105.0 1.96287e-13
15110.0 1.96103e-13
15115.0 1.95919e-13
15120.0 1.95738e-13
15125.0 1.95558e-13
15130.0 1.95374e-13
15135.0 1.95194e-13
15140.0 1.95013e-13
15145.0 1.94833e-13
15150.0 1.94655e-13
15155.0 1.94475e-13
15160.0 1.94295e-13
15165.0 1.94117e-13
15170.0 1.9394e-13
15175.0 1.9376e-13
15180.0 1.93583e-13
15185.0 1.93406e-13
15190.0 1.93232e-13
15195.0 1.93056e-13
15200.0 1.92879e-13
15205.0 1.92705e-13
15210.0 1.92529e-13
15215.0 1.92355e-13
15220.0 1.92182e-13
15225.0 1.92008e-13
15230.0 1.91835e-13
15235.0 1.91661e-13
15240.0 1.91488e-13
15245.0 1.91317e-13
15250.0 1.91145e-13
15255.0 1.90974e-13
15260.0 1.90801e-13
15265.0 1.90631e-13
15270.0 1.90461e-13
15275.0 1.90291e-13
15280.0 1.90122e-13
15285.0 1.89955e-13
15290.0 1.89785e-13
15295.0 1.89616e-13
15300.0 1.89449e-13
15305.0 1.89282e-13
15310.0 1.89114e-13
15315.0 1.88947e-13
15320.0 1.8878e-13
15325.0 1.88614e-13
15330.0 1.88448e-13
15335.0 1.88284e-13
15340.0 1.88118e-13
15345.0 1.87952e-13
15350.0 1.87789e-13
15355.0 1.87626e-13
15360.0 1.8746e-13
15365.0 1.87297e-13
15370.0 1.87135e-13
15375.0 1.86972e-13
15380.0 1.86812e-13
15385.0 1.8665e-13
15390.0 1.86487e-13
15395.0 1.86327e-13
15400.0 1.86165e-13
15405.0 1.86005e-13
15410.0 1.85846e-13
15415.0 1.85683e-13
15420.0 1.85524e-13
15425.0 1.85365e-13
15430.0 1.85206e-13
15435.0 1.85049e-13
15440.0 1.8489e-13
15445.0 1.84732e-13
15450.0 1.84575e-13
15455.0 1.84417e-13
15460.0 1.84261e-13
15465.0 1.84105e-13
15470.0 1.83949e-13
15475.0 1.83793e-13
15480.0 1.83638e-13
15485.0 1.83482e-13
15490.0 1.83326e-13
15495.0 1.83171e-13
15500.0 1.83018e-13
15505.0 1.82863e-13
15510.0 1.8271e-13
15515.0 1.82555e-13
15520.0 1.82402e-13
15525.0 1.8225e-13
15530.0 1.82098e-13
15535.0 1.81946e-13
15540.0 1.81793e-13
15545.0 1.81642e-13
15550.0 1.81489e-13
15555.0 1.81337e-13
15560.0 1.81188e-13
15565.0 1.81037e-13
15570.0 1.80887e-13
15575.0 1.80736e-13
15580.0 1.80587e-13
15585.0 1.80438e-13
15590.0 1.80289e-13
15595.0 1.80141e-13
15600.0 1.79992e-13
15605.0 1.79844e-13
15610.0 1.79695e-13
15615.0 1.79546e-13
15620.0 1.79401e-13
15625.0 1.79253e-13
15630.0 1.79107e-13
15635.0 1.78959e-13
15640.0 1.78813e-13
15645.0 1.78665e-13
15650.0 1.7852e-13
15655.0 1.78375e-13
15660.0 1.78229e-13
15665.0 1.78084e-13
15670.0 1.77939e-13
15675.0 1.77794e-13
15680.0 1.77652e-13
15685.0 1.77508e-13
15690.0 1.77363e-13
15695.0 1.7722e-13
15700.0 1.77076e-13
15705.0 1.76934e-13
15710.0 1.76789e-13
15715.0 1.76648e-13
15720.0 1.76506e-13
15725.0 1.76364e-13
15730.0 1.76223e-13
15735.0 1.76081e-13
15740.0 1.75939e-13
15745.0 1.75798e-13
15750.0 1.75656e-13
15755.0 1.75515e-13
15760.0 1.75376e-13
15765.0 1.75235e-13
15770.0 1.75094e-13
15775.0 1.74956e-13
15780.0 1.74817e-13
15785.0 1.74676e-13
15790.0 1.74538e-13
15795.0 1.74399e-13
15800.0 1.74259e-13
15805.0 1.7412e-13
15810.0 1.73982e-13
15815.0 1.73844e-13
15820.0 1.73707e-13
15825.0 1.73571e-13
15830.0 1.73434e-13
15835.0 1.73296e-13
15840.0 1.73158e-13
15845.0 1.73023e-13
15850.0 1.72885e-13
15855.0 1.72748e-13
15860.0 1.72613e-13
15865.0 1.72478e-13
15870.0 1.7234e-13
15875.0 1.72206e-13
15880.0 1.7207e-13
15885.0 1.71934e-13
15890.0 1.71798e-13
15895.0 1.71664e-13
15900.0 1.7153e-13
15905.0 1.71395e-13
15910.0 1.71261e-13
15915.0 1.71127e-13
15920.0 1.70995e-13
15925.0 1.7086e-13
15930.0 1.70726e-13
15935.0 1.70592e-13
15940.0 1.7046e-13
15945.0 1.70327e-13
15950.0 1.70195e-13
15955.0 1.70061e-13
15960.0 1.69929e-13
15965.0 1.69795e-13
15970.0 1.69664e-13
15975.0 1.69533e-13
15980.0 1.69399e-13
15985.0 1.69268e-13
15990.0 1.69137e-13
15995.0 1.69006e-13
16000.0 1.68875e-13
16005.0 1.68744e-13
16010.0 1.68613e-13
16015.0 1.68482e-13
16020.0 1.68351e-13
16025.0 1.6822e-13
16030.0 1.6809e-13
16035.0 1.67962e-13
16040.0 1.67831e-13
16045.0 1.67701e-13
16050.0 1.67572e-13
16055.0 1.67442e-13
16060.0 1.67311e-13
16065.0 1.67183e-13
16070.0 1.67053e-13
16075.0 1.66925e-13
16080.0 1.66797e-13
16085.0 1.66667e-13
16090.0 1.66539e-13
16095.0 1.66411e-13
16100.0 1.66281e-13
16105.0 1.66154e-13
16110.0 1.66026e-13
16115.0 1.65899e-13
16120.0 1.6577e-13
16125.0 1.65641e-13
16130.0 1.65513e-13
16135.0 1.65386e-13
16140.0 1.65258e-13
16145.0 1.65131e-13
16150.0 1.65004e-13
16155.0 1.64879e-13
16160.0 1.64752e-13
16165.0 1.64624e-13
16170.0 1.64497e-13
16175.0 1.6437e-13
16180.0 1.64243e-13
16185.0 1.64118e-13
16190.0 1.63991e-13
16195.0 1.63864e-13
16200.0 1.63739e-13
16205.0 1.63612e-13
16210.0 1.63485e-13
16215.0 1.6336e-13
16220.0 1.63234e-13
16225.0 1.63109e-13
16230.0 1.62982e-13
16235.0 1.62858e-13
16240.0 1.62731e-13
16245.0 1.62607e-13
16250.0 1.62483e-13
16255.0 1.62356e-13
16260.0 1.62232e-13
16265.0 1.62107e-13
16270.0 1.61981e-13
16275.0 1.61857e-13
16280.0 1.61732e-13
16285.0 1.61606e-13
16290.0 1.61481e-13
16295.0 1.61358e-13
16300.0 1.61234e-13
16305.0 1.6111e-13
16310.0 1.60983e-13
16315.0 1.60859e-13
16320.0 1.60735e-13
16325.0 1.60611e-13
16330.0 1.60487e-13
16335.0 1.60363e-13
16340.0 1.60239e-13
16345.0 1.60115e-13
16350.0 1.59991e-13
16355.0 1.59867e-13
16360.0 1.59744e-13
16365.0 1.5962e-13
16370.0 1.59496e-13
16375.0 1.59372e-13
16380.0 1.59248e-13
16385.0 1.59124e-13
16390.0 1.59e-13
16395.0 1.58876e-13
16400.0 1.58753e-13
16405.0 1.58632e-13
16410.0 1.58509e-13
16415.0 1.58385e-13
16420.0 1.58261e-13
16425.0 1.58137e-13
16430.0 1.58016e-13
16435.0 1.57892e-13
16440.0 1.57769e-13
16445.0 1.57645e-13
16450.0 1.57524e-13
16455.0 1.574e-13
16460.0 1.57277e-13
16465.0 1.57156e-13
16470.0 1.57032e-13
16475.0 1.56909e-13
16480.0 1.56788e-13
16485.0 1.56665e-13
16490.0 1.56544e-13
16495.0 1.56421e-13
16500.0 1.56299e-13
16505.0 1.56177e-13
16510.0 1.56055e-13
16515.0 1.55932e-13
16520.0 1.55811e-13
16525.0 1.55688e-13
16530.0 1.55567e-13
16535.0 1.55444e-13
16540.0 1.55323e-13
16545.0 1.55202e-13
16550.0 1.55079e-13
16555.0 1.54958e-13
16560.0 1.54838e-13
16565.0 1.54715e-13
16570.0 1.54594e-13
16575.0 1.54473e-13
16580.0 1.5435e-13
16585.0 1.54229e-13
16590.0 1.54109e-13
16595.0 1.53988e-13
16600.0 1.53865e-13
16605.0 1.53745e-13
16610.0 1.53624e-13
16615.0 1.53504e-13
16620.0 1.53384e-13
16625.0 1.53263e-13
16630.0 1.53142e-13
16635.0 1.53019e-13
16640.0 1.52899e-13
16645.0 1.52778e-13
16650.0 1.52658e-13
16655.0 1.52537e-13
16660.0 1.52417e-13
16665.0 1.52297e-13
16670.0 1.52177e-13
16675.0 1.52056e-13
16680.0 1.51936e-13
16685.0 1.51816e-13
16690.0 1.51698e-13
16695.0 1.51578e-13
16700.0 1.51458e-13
16705.0 1.51338e-13
16710.0 1.51217e-13
16715.0 1.51097e-13
16720.0 1.50977e-13
16725.0 1.50859e-13
16730.0 1.5074e-13
16735.0 1.50619e-13
16740.0 1.50499e-13
16745.0 1.50382e-13
16750.0 1.50262e-13
16755.0 1.50141e-13
16760.0 1.50022e-13
16765.0 1.49904e-13
16770.0 1.49784e-13
16775.0 1.49667e-13
16780.0 1.49547e-13
16785.0 1.49427e-13
16790.0 1.49309e-13
16795.0 1.4919e-13
16800.0 1.49072e-13
16805.0 1.48953e-13
16810.0 1.48835e-13
16815.0 1.48716e-13
16820.0 1.48598e-13
16825.0 1.48478e-13
16830.0 1.48361e-13
16835.0 1.48241e-13
16840.0 1.48123e-13
16845.0 1.48004e-13
16850.0 1.47887e-13
16855.0 1.4777e-13
16860.0 1.4765e-13
16865.0 1.47533e-13
16870.0 1.47415e-13
16875.0 1.47296e-13
16880.0 1.47179e-13
16885.0 1.47062e-13
16890.0 1.46942e-13
16895.0 1.46825e-13
16900.0 1.46708e-13
16905.0 1.46591e-13
16910.0 1.46474e-13
16915.0 1.46355e-13
16920.0 1.46238e-13
16925.0 1.46121e-13
16930.0 1.46004e-13
16935.0 1.45887e-13
16940.0 1.4577e-13
16945.0 1.45654e-13
16950.0 1.45537e-13
16955.0 1.4542e-13
16960.0 1.453e-13
16965.0 1.45183e-13
16970.0 1.45066e-13
16975.0 1.44949e-13
16980.0 1.44835e-13
16985.0 1.44719e-13
16990.0 1.44602e-13
16995.0 1.44486e-13
17000.0 1.44369e-13
17005.0 1.44252e-13
17010.0 1.44135e-13
17015.0 1.44019e-13
17020.0 1.43902e-13
17025.0 1.43788e-13
17030.0 1.43671e-13
17035.0 1.43555e-13
17040.0 1.43438e-13
17045.0 1.43322e-13
17050.0 1.43207e-13
17055.0 1.43091e-13
17060.0 1.42975e-13
17065.0 1.42861e-13
17070.0 1.42744e-13
17075.0 1.42628e-13
17080.0 1.42514e-13
17085.0 1.42397e-13
17090.0 1.42281e-13
17095.0 1.42167e-13
17100.0 1.42051e-13
17105.0 1.41937e-13
17110.0 1.41821e-13
17115.0 1.41707e-13
17120.0 1.41591e-13
17125.0 1.41477e-13
17130.0 1.41361e-13
17135.0 1.41247e-13
17140.0 1.41131e-13
17145.0 1.41017e-13
17150.0 1.40901e-13
17155.0 1.40787e-13
17160.0 1.40671e-13
17165.0 1.40557e-13
17170.0 1.40443e-13
17175.0 1.40327e-13
17180.0 1.40214e-13
17185.0 1.401e-13
17190.0 1.39987e-13
17195.0 1.39871e-13
17200.0 1.39757e-13
17205.0 1.39644e-13
17210.0 1.3953e-13
17215.0 1.39414e-13
17220.0 1.39301e-13
17225.0 1.39187e-13
17230.0 1.39074e-13
17235.0 1.38961e-13
17240.0 1.38847e-13
17245.0 1.38731e-13
17250.0 1.38617e-13
17255.0 1.38504e-13
17260.0 1.38391e-13
17265.0 1.38278e-13
17270.0 1.38164e-13
17275.0 1.38051e-13
17280.0 1.37938e-13
17285.0 1.37825e-13
17290.0 1.37711e-13
17295.0 1.37598e-13
17300.0 1.37485e-13
17305.0 1.37372e-13
17310.0 1.37259e-13
17315.0 1.37148e-13
17320.0 1.37035e-13
17325.0 1.36922e-13
17330.0 1.36809e-13
17335.0 1.36696e-13
17340.0 1.36583e-13
17345.0 1.36472e-13
17350.0 1.36359e-13
17355.0 1.36246e-13
17360.0 1.36133e-13
17365.0 1.36023e-13
17370.0 1.3591e-13
17375.0 1.35797e-13
17380.0 1.35687e-13
17385.0 1.35574e-13
17390.0 1.35461e-13
17395.0 1.3535e-13
17400.0 1.35238e-13
17405.0 1.35124e-13
17410.0 1.35014e-13
17415.0 1.34901e-13
17420.0 1.34791e-13
17425.0 1.34678e-13
17430.0 1.34568e-13
17435.0 1.34456e-13
17440.0 1.34345e-13
17445.0 1.34233e-13
17450.0 1.34122e-13
17455.0 1.3401e-13
17460.0 1.339e-13
17465.0 1.3379e-13
17470.0 1.33677e-13
17475.0 1.33567e-13
17480.0 1.33457e-13
17485.0 1.33344e-13
17490.0 1.33234e-13
17495.0 1.33124e-13
17500.0 1.33012e-13
17505.0 1.32901e-13
17510.0 1.32791e-13
17515.0 1.32679e-13
17520.0 1.32569e-13
17525.0 1.32459e-13
17530.0 1.32349e-13
17535.0 1.3224e-13
17540.0 1.3213e-13
17545.0 1.32017e-13
17550.0 1.31907e-13
17555.0 1.31797e-13
17560.0 1.31687e-13
17565.0 1.31578e-13
17570.0 1.31468e-13
17575.0 1.31358e-13
17580.0 1.31249e-13
17585.0 1.31139e-13
17590.0 1.31029e-13
17595.0 1.30919e-13
17600.0 1.3081e-13
17605.0 1.307e-13
17610.0 1.3059e-13
17615.0 1.30481e-13
17620.0 1.30371e-13
17625.0 1.30261e-13
17630.0 1.30152e-13
17635.0 1.30045e-13
17640.0 1.29935e-13
17645.0 1.29826e-13
17650.0 1.29716e-13
17655.0 1.29607e-13
17660.0 1.295e-13
17665.0 1.29391e-13
17670.0 1.29281e-13
17675.0 1.29171e-13
17680.0 1.29064e-13
17685.0 1.28955e-13
17690.0 1.28846e-13
17695.0 1.28739e-13
17700.0 1.28629e-13
17705.0 1.2852e-13
17710.0 1.28413e-13
17715.0 1.28304e-13
17720.0 1.28197e-13
17725.0 1.28088e-13
17730.0 1.27979e-13
17735.0 1.27871e-13
17740.0 1.27763e-13
17745.0 1.27656e-13
17750.0 1.27547e-13
17755.0 1.2744e-13
17760.0 1.27331e-13
17765.0 1.27225e-13
17770.0 1.27118e-13
17775.0 1.27009e-13
17780.0 1.26902e-13
17785.0 1.26793e-13
17790.0 1.26686e-13
17795.0 1.2658e-13
17800.0 1.26471e-13
17805.0 1.26364e-13
17810.0 1.26258e-13
17815.0 1.26151e-13
17820.0 1.26043e-13
17825.0 1.25936e-13
17830.0 1.2583e-13
17835.0 1.25723e-13
17840.0 1.25614e-13
17845.0 1.25508e-13
17850.0 1.25401e-13
17855.0 1.25295e-13
17860.0 1.25189e-13
17865.0 1.25083e-13
17870.0 1.24976e-13
17875.0 1.24868e-13
17880.0 1.24761e-13
17885.0 1.24655e-13
17890.0 1.24549e-13
17895.0 1.24443e-13
17900.0 1.24336e-13
17905.0 1.2423e-13
17910.0 1.24124e-13
17915.0 1.24018e-13
17920.0 1.23912e-13
17925.0 1.23809e-13
17930.0 1.23703e-13
17935.0 1.23597e-13
17940.0 1.2349e-13
17945.0 1.23384e-13
17950.0 1.23278e-13
17955.0 1.23172e-13
17960.0 1.23069e-13
17965.0 1.22963e-13
17970.0 1.22857e-13
17975.0 1.22751e-13
17980.0 1.22645e-13
17985.0 1.22541e-13
17990.0 1.22436e-13
17995.0 1.2233e-13
18000.0 1.22226e-13
18005.0 1.2212e-13
18010.0 1.22015e-13
18015.0 1.21912e-13
18020.0 1.21806e-13
18025.0 1.217e-13
18030.0 1.21597e-13
18035.0 1.21491e-13
18040.0 1.21387e-13
18045.0 1.21282e-13
18050.0 1.21179e-13
18055.0 1.21073e-13
18060.0 1.2097e-13
18065.0 1.20865e-13
18070.0 1.20761e-13
18075.0 1.20656e-13
18080.0 1.20552e-13
18085.0 1.20447e-13
18090.0 1.20344e-13
18095.0 1.20241e-13
18100.0 1.20135e-13
18105.0 1.20032e-13
18110.0 1.19929e-13
18115.0 1.19824e-13
18120.0 1.19721e-13
18125.0 1.19618e-13
18130.0 1.19513e-13
18135.0 1.1941e-13
18140.0 1.19307e-13
18145.0 1.19204e-13
18150.0 1.19099e-13
18155.0 1.18995e-13
18160.0 1.18893e-13
18165.0 1.1879e-13
18170.0 1.18687e-13
18175.0 1.18585e-13
18180.0 1.18482e-13
18185.0 1.18377e-13
18190.0 1.18273e-13
18195.0 1.18171e-13
18200.0 1.18068e-13
18205.0 1.17966e-13
18210.0 1.17863e-13
18215.0 1.1776e-13
18220.0 1.17657e-13
18225.0 1.17555e-13
18230.0 1.17452e-13
18235.0 1.1735e-13
18240.0 1.17248e-13
18245.0 1.17147e-13
18250.0 1.17045e-13
18255.0 1.16943e-13
18260.0 1.1684e-13
18265.0 1.16737e-13
18270.0 1.16635e-13
18275.0 1.16533e-13
18280.0 1.16432e-13
18285.0 1.1633e-13
18290.0 1.16228e-13
18295.0 1.16126e-13
18300.0 1.16025e-13
18305.0 1.15923e-13
18310.0 1.15821e-13
18315.0 1.15721e-13
18320.0 1.15619e-13
18325.0 1.15517e-13
18330.0 1.15417e-13
18335.0 1.15315e-13
18340.0 1.15212e-13
18345.0 1.15112e-13
18350.0 1.15011e-13
18355.0 1.14911e-13
18360.0 1.14809e-13
18365.0 1.14709e-13
18370.0 1.14607e-13
18375.0 1.14507e-13
18380.0 1.14405e-13
18385.0 1.14305e-13
18390.0 1.14204e-13
18395.0 1.14104e-13
18400.0 1.14002e-13
18405.0 1.13902e-13
18410.0 1.13803e-13
18415.0 1.13701e-13
18420.0 1.13601e-13
18425.0 1.13499e-13
18430.0 1.134e-13
18435.0 1.13301e-13
18440.0 1.13201e-13
18445.0 1.131e-13
18450.0 1.13e-13
18455.0 1.12901e-13
18460.0 1.12801e-13
18465.0 1.127e-13
18470.0 1.126e-13
18475.0 1.12501e-13
18480.0 1.12402e-13
18485.0 1.12303e-13
18490.0 1.12203e-13
18495.0 1.12101e-13
18500.0 1.12002e-13
18505.0 1.11903e-13
18510.0 1.11804e-13
18515.0 1.11705e-13
18520.0 1.11605e-13
18525.0 1.11506e-13
18530.0 1.11407e-13
18535.0 1.11308e-13
18540.0 1.11209e-13
18545.0 1.1111e-13
18550.0 1.11011e-13
18555.0 1.10912e-13
18560.0 1.10813e-13
18565.0 1.10716e-13
18570.0 1.10618e-13
18575.0 1.10519e-13
18580.0 1.1042e-13
18585.0 1.10321e-13
18590.0 1.10222e-13
18595.0 1.10125e-13
18600.0 1.10027e-13
18605.0 1.09928e-13
18610.0 1.09829e-13
18615.0 1.0973e-13
18620.0 1.09634e-13
18625.0 1.09535e-13
18630.0 1.09436e-13
18635.0 1.0934e-13
18640.0 1.09241e-13
18645.0 1.09143e-13
18650.0 1.09046e-13
18655.0 1.08948e-13
18660.0 1.08851e-13
18665.0 1.08753e-13
18670.0 1.08654e-13
18675.0 1.08558e-13
18680.0 1.08459e-13
18685.0 1.08363e-13
18690.0 1.08265e-13
18695.0 1.08168e-13
18700.0 1.0807e-13
18705.0 1.07974e-13
18710.0 1.07878e-13
18715.0 1.0778e-13
18720.0 1.07683e-13
18725.0 1.07585e-13
18730.0 1.07489e-13
18735.0 1.07393e-13
18740.0 1.07295e-13
18745.0 1.07199e-13
18750.0 1.07103e-13
18755.0 1.07005e-13
18760.0 1.06909e-13
18765.0 1.06813e-13
18770.0 1.06717e-13
18775.0 1.06619e-13
18780.0 1.06523e-13
18785.0 1.06427e-13
18790.0 1.06332e-13
18795.0 1.06236e-13
18800.0 1.06137e-13
18805.0 1.06042e-13
18810.0 1.05946e-13
18815.0 1.0585e-13
18820.0 1.05755e-13
18825.0 1.05659e-13
18830.0 1.05564e-13
18835.0 1.05468e-13
18840.0 1.05373e-13
18845.0 1.05277e-13
18850.0 1.05181e-13
18855.0 1.05086e-13
18860.0 1.0499e-13
18865.0 1.04895e-13
18870.0 1.04799e-13
18875.0 1.04704e-13
18880.0 1.04608e-13
18885.0 1.04513e-13
18890.0 1.04417e-13
18895.0 1.04322e-13
18900.0 1.04229e-13
18905.0 1.04134e-13
18910.0 1.04038e-13
18915.0 1.03943e-13
18920.0 1.03848e-13
18925.0 1.03755e-13
18930.0 1.03659e-13
18935.0 1.03564e-13
18940.0 1.03469e-13
18945.0 1.03376e-13
18950.0 1.03281e-13
18955.0 1.03186e-13
18960.0 1.03093e-13
18965.0 1.02998e-13
18970.0 1.02905e-13
18975.0 1.0281e-13
18980.0 1.02715e-13
18985.0 1.02622e-13
18990.0 1.02527e-13
18995.0 1.02435e-13
19000.0 1.0234e-13
19005.0 1.02247e-13
19010.0 1.02152e-13
19015.0 1.02059e-13
19020.0 1.01965e-13
19025.0 1.01872e-13
19030.0 1.01777e-13
19035.0 1.01685e-13
19040.0 1.01592e-13
19045.0 1.01497e-13
19050.0 1.01405e-13
19055.0 1.0131e-13
19060.0 1.01217e-13
19065.0 1.01125e-13
19070.0 1.0103e-13
19075.0 1.00938e-13
19080.0 1.00846e-13
19085.0 1.00753e-13
19090.0 1.00659e-13
19095.0 1.00566e-13
19100.0 1.00474e-13
19105.0 1.00382e-13
19110.0 1.0029e-13
19115.0 1.00195e-13
19120.0 1.00102e-13
19125.0 1.00011e-13
19130.0 9.99185e-14
19135.0 9.98264e-14
19140.0 9.97344e-14
19145.0 9.96424e-14
19150.0 9.95503e-14
19155.0 9.94583e-14
19160.0 9.93663e-14
19165.0 9.92743e-14
19170.0 9.91823e-14
19175.0 9.90903e-14
19180.0 9.89981e-14
19185.0 9.89063e-14
19190.0 9.88142e-14
19195.0 9.87224e-14
19200.0 9.86302e-14
19205.0 9.85383e-14
19210.0 9.84461e-14
19215.0 9.83546e-14
19220.0 9.82653e-14
19225.0 9.81736e-14
19230.0 9.80814e-14
19235.0 9.79895e-14
19240.0 9.78978e-14
19245.0 9.78087e-14
19250.0 9.7717e-14
19255.0 9.7625e-14
19260.0 9.75335e-14
19265.0 9.74442e-14
19270.0 9.73525e-14
19275.0 9.72608e-14
19280.0 9.71715e-14
19285.0 9.708e-14
19290.0 9.69884e-14
19295.0 9.68989e-14
19300.0 9.68077e-14
19305.0 9.67185e-14
19310.0 9.66275e-14
19315.0 9.65382e-14
19320.0 9.64471e-14
19325.0 9.63574e-14
19330.0 9.62663e-14
19335.0 9.6177e-14
19340.0 9.60857e-14
19345.0 9.59965e-14
19350.0 9.59053e-14
19355.0 9.58158e-14
19360.0 9.57248e-14
19365.0 9.5636e-14
19370.0 9.5547e-14
19375.0 9.54558e-14
19380.0 9.5367e-14
19385.0 9.52781e-14
19390.0 9.51869e-14
19395.0 9.50978e-14
19400.0 9.50094e-14
19405.0 9.49206e-14
19410.0 9.48293e-14
19415.0 9.47403e-14
19420.0 9.4652e-14
19425.0 9.45629e-14
19430.0 9.44719e-14
19435.0 9.4383e-14
19440.0 9.42945e-14
19445.0 9.42062e-14
19450.0 9.41176e-14
19455.0 9.4029e-14
19460.0 9.39405e-14
19465.0 9.38522e-14
19470.0 9.37636e-14
19475.0 9.36745e-14
19480.0 9.35836e-14
19485.0 9.34947e-14
19490.0 9.34063e-14
19495.0 9.33182e-14
19500.0 9.32323e-14
19505.0 9.31443e-14
19510.0 9.30557e-14
19515.0 9.29672e-14
19520.0 9.2879e-14
19525.0 9.27903e-14
19530.0 9.27019e-14
19535.0 9.26133e-14
19540.0 9.25254e-14
19545.0 9.24396e-14
19550.0 9.23514e-14
19555.0 9.22629e-14
19560.0 9.21746e-14
19565.0 9.20865e-14
19570.0 9.20005e-14
19575.0 9.19126e-14
19580.0 9.18241e-14
19585.0 9.17361e-14
19590.0 9.16502e-14
19595.0 9.15622e-14
19600.0 9.14742e-14
19605.0 9.13883e-14
19610.0 9.13008e-14
19615.0 9.12149e-14
19620.0 9.11269e-14
19625.0 9.10389e-14
19630.0 9.09529e-14
19635.0 9.08653e-14
19640.0 9.07794e-14
19645.0 9.0692e-14
19650.0 9.06062e-14
19655.0 9.05184e-14
19660.0 9.04327e-14
19665.0 9.03452e-14
19670.0 9.02592e-14
19675.0 9.01717e-14
19680.0 9.00863e-14
19685.0 9.00009e-14
19690.0 8.99134e-14
19695.0 8.9828e-14
19700.0 8.97426e-14
19705.0 8.9655e-14
19710.0 8.95695e-14
19715.0 8.94841e-14
19720.0 8.93966e-14
19725.0 8.93112e-14
19730.0 8.92261e-14
19735.0 8.91409e-14
19740.0 8.90533e-14
19745.0 8.89679e-14
19750.0 8.88829e-14
19755.0 8.87979e-14
19760.0 8.87125e-14
19765.0 8.8625e-14
19770.0 8.85396e-14
19775.0 8.84547e-14
19780.0 8.83697e-14
19785.0 8.82846e-14
19790.0 8.81997e-14
19795.0 8.81148e-14
19800.0 8.80299e-14
19805.0 8.7945e-14
19810.0 8.78601e-14
19815.0 8.77752e-14
19820.0 8.76901e-14
19825.0 8.76053e-14
19830.0 8.75202e-14
19835.0 8.74353e-14
19840.0 8.73503e-14
19845.0 8.72654e-14
19850.0 8.71809e-14
19855.0 8.70986e-14
19860.0 8.70142e-14
19865.0 8.69292e-14
19870.0 8.68443e-14
19875.0 8.67592e-14
19880.0 8.66747e-14
19885.0 8.65925e-14
19890.0 8.65081e-14
19895.0 8.6423e-14
19900.0 8.63385e-14
19905.0 8.62563e-14
19910.0 8.61716e-14
19915.0 8.60872e-14
19920.0 8.6005e-14
19925.0 8.59207e-14
19930.0 8.58359e-14
19935.0 8.57537e-14
19940.0 8.56696e-14
19945.0 8.55873e-14
19950.0 8.55029e-14
19955.0 8.54183e-14
19960.0 8.53362e-14
19965.0 8.52518e-14
19970.0 8.51696e-14
19975.0 8.50857e-14
19980.0 8.50034e-14
19985.0 8.49193e-14
19990.0 8.4837e-14
19995.0 8.4753e-14
20000.0 8.46712e-14
20005.0 8.45891e-14
20010.0 8.45052e-14
20015.0 8.44234e-14
20020.0 8.43414e-14
20025.0 8.42575e-14
20030.0 8.41757e-14
20035.0 8.40938e-14
20040.0 8.40097e-14
20045.0 8.39279e-14
20050.0 8.38459e-14
20055.0 8.37619e-14
20060.0 8.36801e-14
20065.0 8.35988e-14
20070.0 8.35174e-14
20075.0 8.34355e-14
20080.0 8.33515e-14
20085.0 8.32696e-14
20090.0 8.31883e-14
20095.0 8.31067e-14
20100.0 8.30253e-14
20105.0 8.29441e-14
20110.0 8.28626e-14
20115.0 8.27812e-14
20120.0 8.26996e-14
20125.0 8.26178e-14
20130.0 8.25339e-14
20135.0 8.2452e-14
20140.0 8.23711e-14
20145.0 8.22923e-14
20150.0 8.22112e-14
20155.0 8.21299e-14
20160.0 8.20485e-14
20165.0 8.19671e-14
20170.0 8.18857e-14
20175.0 8.18042e-14
20180.0 8.17228e-14
20185.0 8.16415e-14
20190.0 8.15606e-14
20195.0 8.14817e-14
20200.0 8.14009e-14
20205.0 8.13194e-14
20210.0 8.1238e-14
20215.0 8.11571e-14
20220.0 8.10783e-14
20225.0 8.09972e-14
20230.0 8.09164e-14
20235.0 8.08377e-14
20240.0 8.07566e-14
20245.0 8.06756e-14
20250.0 8.05969e-14
20255.0 8.05159e-14
20260.0 8.0435e-14
20265.0 8.03562e-14
20270.0 8.02752e-14
20275.0 8.01944e-14
20280.0 8.01157e-14
20285.0 8.0035e-14
20290.0 7.99562e-14
20295.0 7.98758e-14
20300.0 7.97972e-14
20305.0 7.97166e-14
20310.0 7.96378e-14
20315.0 7.95573e-14
20320.0 7.94789e-14
20325.0 7.94007e-14
20330.0 7.93201e-14
20335.0 7.92413e-14
20340.0 7.91608e-14
20345.0 7.90825e-14
20350.0 7.90042e-14
20355.0 7.89237e-14
20360.0 7.88454e-14
20365.0 7.87671e-14
20370.0 7.86867e-14
20375.0 7.86083e-14
20380.0 7.85304e-14
20385.0 7.8452e-14
20390.0 7.83715e-14
20395.0 7.82932e-14
20400.0 7.82153e-14
20405.0 7.81374e-14
20410.0 7.80596e-14
20415.0 7.79815e-14
20420.0 7.79008e-14
20425.0 7.78226e-14
20430.0 7.77448e-14
20435.0 7.76667e-14
20440.0 7.75889e-14
20445.0 7.75112e-14
20450.0 7.74332e-14
20455.0 7.73552e-14
20460.0 7.72775e-14
20465.0 7.71997e-14
20470.0 7.71217e-14
20475.0 7.70439e-14
20480.0 7.69661e-14
20485.0 7.68881e-14
20490.0 7.68102e-14
20495.0 7.67325e-14
20500.0 7.66546e-14
20505.0 7.65771e-14
20510.0 7.65019e-14
20515.0 7.64245e-14
20520.0 7.63467e-14
20525.0 7.62688e-14
20530.0 7.6191e-14
20535.0 7.61134e-14
20540.0 7.60383e-14
20545.0 7.59608e-14
20550.0 7.5883e-14
20555.0 7.58057e-14
20560.0 7.57304e-14
20565.0 7.56529e-14
20570.0 7.55754e-14
20575.0 7.55004e-14
20580.0 7.54228e-14
20585.0 7.53455e-14
20590.0 7.52703e-14
20595.0 7.51932e-14
20600.0 7.5118e-14
20605.0 7.5041e-14
20610.0 7.49658e-14
20615.0 7.48884e-14
20620.0 7.48111e-14
20625.0 7.47357e-14
20630.0 7.46588e-14
20635.0 7.4584e-14
20640.0 7.45093e-14
20645.0 7.44323e-14
20650.0 7.43572e-14
20655.0 7.42802e-14
20660.0 7.42049e-14
20665.0 7.4128e-14
20670.0 7.40532e-14
20675.0 7.39784e-14
20680.0 7.39015e-14
20685.0 7.38266e-14
20690.0 7.37519e-14
20695.0 7.36749e-14
20700.0 7.36e-14
20705.0 7.35258e-14
20710.0 7.3451e-14
20715.0 7.33741e-14
20720.0 7.32993e-14
20725.0 7.32249e-14
20730.0 7.31506e-14
20735.0 7.30758e-14
20740.0 7.29989e-14
20745.0 7.29241e-14
20750.0 7.28497e-14
20755.0 7.27755e-14
20760.0 7.27011e-14
20765.0 7.26268e-14
20770.0 7.25526e-14
20775.0 7.24782e-14
20780.0 7.24039e-14
20785.0 7.23295e-14
20790.0 7.22553e-14
20795.0 7.21809e-14
20800.0 7.21065e-14
20805.0 7.20322e-14
20810.0 7.19579e-14
20815.0 7.18835e-14
20820.0 7.18092e-14
20825.0 7.17349e-14
20830.0 7.16606e-14
20835.0 7.15861e-14
20840.0 7.1512e-14
20845.0 7.1438e-14
20850.0 7.13663e-14
20855.0 7.12925e-14
20860.0 7.12181e-14
20865.0 7.11438e-14
20870.0 7.10699e-14
20875.0 7.09983e-14
20880.0 7.09244e-14
20885.0 7.08505e-14
20890.0 7.07789e-14
20895.0 7.0705e-14
20900.0 7.06311e-14
20905.0 7.05594e-14
20910.0 7.04855e-14
20915.0 7.04116e-14
20920.0 7.034e-14
20925.0 7.02661e-14
20930.0 7.01922e-14
20935.0 7.01204e-14
20940.0 7.00471e-14
20945.0 6.99755e-14
20950.0 6.9902e-14
20955.0 6.98303e-14
20960.0 6.9757e-14
20965.0 6.96852e-14
20970.0 6.96118e-14
20975.0 6.95401e-14
20980.0 6.94667e-14
20985.0 6.93954e-14
20990.0 6.93241e-14
20995.0 6.92508e-14
21000.0 6.9179e-14
21005.0 6.91057e-14
21010.0 6.90344e-14
21015.0 6.89632e-14
21020.0 6.88899e-14
21025.0 6.88185e-14
21030.0 6.87477e-14
21035.0 6.86765e-14
21040.0 6.86031e-14
21045.0 6.85318e-14
21050.0 6.8461e-14
21055.0 6.83897e-14
21060.0 6.83163e-14
21065.0 6.82451e-14
21070.0 6.81743e-14
21075.0 6.81036e-14
21080.0 6.80329e-14
21085.0 6.7962e-14
21090.0 6.78912e-14
21095.0 6.782e-14
21100.0 6.77465e-14
21105.0 6.76753e-14
21110.0 6.76046e-14
21115.0 6.75336e-14
21120.0 6.74629e-14
21125.0 6.73922e-14
21130.0 6.73214e-14
21135.0 6.72506e-14
21140.0 6.71798e-14
21145.0 6.71095e-14
21150.0 6.70412e-14
21155.0 6.6971e-14
21160.0 6.69002e-14
21165.0 6.68295e-14
21170.0 6.67587e-14
21175.0 6.66879e-14
21180.0 6.66174e-14
21185.0 6.65494e-14
21190.0 6.6479e-14
21195.0 6.64081e-14
21200.0 6.63375e-14
21205.0 6.62671e-14
21210.0 6.61991e-14
21215.0 6.61287e-14
21220.0 6.60582e-14
21225.0 6.59901e-14
21230.0 6.59197e-14
21235.0 6.5849e-14
21240.0 6.57786e-14
21245.0 6.57105e-14
21250.0 6.56408e-14
21255.0 6.55725e-14
21260.0 6.55022e-14
21265.0 6.54318e-14
21270.0 6.53638e-14
21275.0 6.52937e-14
21280.0 6.52257e-14
21285.0 6.51557e-14
21290.0 6.50876e-14
21295.0 6.50177e-14
21300.0 6.49496e-14
21305.0 6.48798e-14
21310.0 6.48116e-14
21315.0 6.47417e-14
21320.0 6.4674e-14
21325.0 6.46064e-14
21330.0 6.45363e-14
21335.0 6.44687e-14
21340.0 6.44009e-14
21345.0 6.43312e-14
21350.0 6.42634e-14
21355.0 6.41957e-14
21360.0 6.41258e-14
21365.0 6.40581e-14
21370.0 6.39909e-14
21375.0 6.39232e-14
21380.0 6.38533e-14
21385.0 6.37857e-14
21390.0 6.37183e-14
21395.0 6.36511e-14
21400.0 6.35834e-14
21405.0 6.35135e-14
21410.0 6.34458e-14
21415.0 6.33786e-14
21420.0 6.33113e-14
21425.0 6.3244e-14
21430.0 6.31769e-14
21435.0 6.31096e-14
21440.0 6.30423e-14
21445.0 6.29751e-14
21450.0 6.29078e-14
21455.0 6.28406e-14
21460.0 6.27734e-14
21465.0 6.27061e-14
21470.0 6.26388e-14
21475.0 6.25717e-14
21480.0 6.25044e-14
21485.0 6.24371e-14
21490.0 6.237e-14
21495.0 6.23026e-14
21500.0 6.22354e-14
21505.0 6.2168e-14
21510.0 6.21013e-14
21515.0 6.20368e-14
21520.0 6.197e-14
21525.0 6.19027e-14
21530.0 6.18354e-14
21535.0 6.17687e-14
21540.0 6.17041e-14
21545.0 6.16371e-14
21550.0 6.15705e-14
21555.0 6.15058e-14
21560.0 6.14391e-14
21565.0 6.13722e-14
21570.0 6.13076e-14
21575.0 6.12408e-14
21580.0 6.11741e-14
21585.0 6.11095e-14
21590.0 6.10427e-14
21595.0 6.09759e-14
21600.0 6.09113e-14
21605.0 6.0845e-14
21610.0 6.07803e-14
21615.0 6.07139e-14
21620.0 6.06494e-14
21625.0 6.0583e-14
21630.0 6.05184e-14
21635.0 6.0452e-14
21640.0 6.03874e-14
21645.0 6.03211e-14
21650.0 6.02565e-14
21655.0 6.01902e-14
21660.0 6.0126e-14
21665.0 6.00617e-14
21670.0 5.99954e-14
21675.0 5.99313e-14
21680.0 5.98671e-14
21685.0 5.98008e-14
21690.0 5.97366e-14
21695.0 5.96725e-14
21700.0 5.96061e-14
21705.0 5.9542e-14
21710.0 5.94782e-14
21715.0 5.94142e-14
21720.0 5.93477e-14
21725.0 5.92835e-14
21730.0 5.92199e-14
21735.0 5.91562e-14
21740.0 5.90924e-14
21745.0 5.90288e-14
21750.0 5.89647e-14
21755.0 5.88982e-14
21760.0 5.88341e-14
21765.0 5.87705e-14
21770.0 5.87067e-14
21775.0 5.8643e-14
21780.0 5.85793e-14
21785.0 5.85156e-14
21790.0 5.84518e-14
21795.0 5.83881e-14
21800.0 5.83245e-14
21805.0 5.82607e-14
21810.0 5.8197e-14
21815.0 5.81332e-14
21820.0 5.80696e-14
21825.0 5.80059e-14
21830.0 5.79426e-14
21835.0 5.78816e-14
21840.0 5.78184e-14
21845.0 5.77546e-14
21850.0 5.7691e-14
21855.0 5.76272e-14
21860.0 5.75639e-14
21865.0 5.75029e-14
21870.0 5.74396e-14
21875.0 5.73759e-14
21880.0 5.73127e-14
21885.0 5.72515e-14
21890.0 5.71883e-14
21895.0 5.7125e-14
21900.0 5.7064e-14
21905.0 5.70008e-14
21910.0 5.69375e-14
21915.0 5.68764e-14
21920.0 5.68131e-14
21925.0 5.67499e-14
21930.0 5.66889e-14
21935.0 5.66259e-14
21940.0 5.65649e-14
21945.0 5.65021e-14
21950.0 5.6441e-14
21955.0 5.63778e-14
21960.0 5.63146e-14
21965.0 5.62539e-14
21970.0 5.61933e-14
21975.0 5.61304e-14
21980.0 5.60694e-14
21985.0 5.60065e-14
21990.0 5.59456e-14
21995.0 5.58828e-14
22000.0 5.58221e-14
22005.0 5.57615e-14
22010.0 5.56987e-14
22015.0 5.56381e-14
22020.0 5.55774e-14
22025.0 5.55147e-14
22030.0 5.54541e-14
22035.0 5.53934e-14
22040.0 5.53305e-14
22045.0 5.527e-14
22050.0 5.52098e-14
22055.0 5.51492e-14
22060.0 5.50865e-14
22065.0 5.50258e-14
22070.0 5.49656e-14
22075.0 5.49055e-14
22080.0 5.48453e-14
22085.0 5.47846e-14
22090.0 5.47219e-14
22095.0 5.46612e-14
22100.0 5.46011e-14
22105.0 5.45409e-14
22110.0 5.44807e-14
22115.0 5.44205e-14
22120.0 5.43605e-14
22125.0 5.43002e-14
22130.0 5.424e-14
22135.0 5.41799e-14
22140.0 5.41197e-14
22145.0 5.40596e-14
22150.0 5.39994e-14
22155.0 5.39392e-14
22160.0 5.38791e-14
22165.0 5.38189e-14
22170.0 5.37591e-14
22175.0 5.37016e-14
22180.0 5.36419e-14
22185.0 5.35818e-14
22190.0 5.35216e-14
22195.0 5.34614e-14
22200.0 5.34017e-14
22205.0 5.33442e-14
22210.0 5.32844e-14
22215.0 5.32243e-14
22220.0 5.31645e-14
22225.0 5.3107e-14
22230.0 5.30473e-14
22235.0 5.29876e-14
22240.0 5.293e-14
22245.0 5.28703e-14
22250.0 5.28106e-14
22255.0 5.27531e-14
22260.0 5.26934e-14
22265.0 5.26337e-14
22270.0 5.25761e-14
22275.0 5.25168e-14
22280.0 5.24594e-14
22285.0 5.23996e-14
22290.0 5.23398e-14
22295.0 5.22824e-14
22300.0 5.22231e-14
22305.0 5.21655e-14
22310.0 5.21064e-14
22315.0 5.20487e-14
22320.0 5.19895e-14
22325.0 5.19325e-14
22330.0 5.18753e-14
22335.0 5.1816e-14
22340.0 5.17585e-14
22345.0 5.16993e-14
22350.0 5.16422e-14
22355.0 5.15851e-14
22360.0 5.15258e-14
22365.0 5.14687e-14
22370.0 5.14117e-14
22375.0 5.13524e-14
22380.0 5.12954e-14
22385.0 5.12383e-14
22390.0 5.11791e-14
22395.0 5.11219e-14
22400.0 5.10654e-14
22405.0 5.10087e-14
22410.0 5.09516e-14
22415.0 5.08923e-14
22420.0 5.08353e-14
22425.0 5.07786e-14
22430.0 5.0722e-14
22435.0 5.06653e-14
22440.0 5.06087e-14
22445.0 5.05517e-14
22450.0 5.04924e-14
22455.0 5.04352e-14
22460.0 5.03787e-14
22465.0 5.03221e-14
22470.0 5.02654e-14
22475.0 5.02088e-14
22480.0 5.01522e-14
22485.0 5.00955e-14
22490.0 5.00388e-14
22495.0 4.99822e-14
22500.0 4.99256e-14
22505.0 4.98694e-14
22510.0 4.98155e-14
22515.0 4.97593e-14
22520.0 4.97026e-14
22525.0 4.96459e-14
22530.0 4.95894e-14
22535.0 4.95328e-14
22540.0 4.94762e-14
22545.0 4.942e-14
22550.0 4.93659e-14
22555.0 4.93098e-14
22560.0 4.92532e-14
22565.0 4.9197e-14
22570.0 4.91429e-14
22575.0 4.90868e-14
22580.0 4.90302e-14
22585.0 4.8974e-14
22590.0 4.892e-14
22595.0 4.88639e-14
22600.0 4.88077e-14
22605.0 4.87537e-14
22610.0 4.86975e-14
22615.0 4.86413e-14
22620.0 4.85873e-14
22625.0 4.85316e-14
22630.0 4.84776e-14
22635.0 4.84219e-14
22640.0 4.83678e-14
22645.0 4.83117e-14
22650.0 4.82555e-14
22655.0 4.82016e-14
22660.0 4.81459e-14
22665.0 4.80917e-14
22670.0 4.80361e-14
22675.0 4.79826e-14
22680.0 4.79291e-14
22685.0 4.78733e-14
22690.0 4.78192e-14
22695.0 4.77636e-14
22700.0 4.771e-14
22705.0 4.76564e-14
22710.0 4.76007e-14
22715.0 4.75473e-14
22720.0 4.74937e-14
22725.0 4.74379e-14
22730.0 4.73843e-14
22735.0 4.73308e-14
22740.0 4.72751e-14
22745.0 4.72216e-14
22750.0 4.71685e-14
22755.0 4.7115e-14
22760.0 4.70592e-14
22765.0 4.70057e-14
22770.0 4.69526e-14
22775.0 4.68995e-14
22780.0 4.6846e-14
22785.0 4.67902e-14
22790.0 4.67367e-14
22795.0 4.66836e-14
22800.0 4.66305e-14
22805.0 4.65775e-14
22810.0 4.65244e-14
22815.0 4.64713e-14
22820.0 4.64181e-14
22825.0 4.6365e-14
22830.0 4.6312e-14
22835.0 4.62589e-14
22840.0 4.62058e-14
22845.0 4.61527e-14
22850.0 4.60996e-14
22855.0 4.60465e-14
22860.0 4.59934e-14
22865.0 4.59404e-14
22870.0 4.58872e-14
22875.0 4.58342e-14
22880.0 4.57811e-14
22885.0 4.5728e-14
22890.0 4.56753e-14
22895.0 4.56249e-14
22900.0 4.55722e-14
22905.0 4.55192e-14
22910.0 4.5466e-14
22915.0 4.54135e-14
22920.0 4.5363e-14
22925.0 4.53104e-14
22930.0 4.52573e-14
22935.0 4.52047e-14
22940.0 4.51541e-14
22945.0 4.51015e-14
22950.0 4.50485e-14
22955.0 4.49959e-14
22960.0 4.49454e-14
22965.0 4.48927e-14
22970.0 4.48401e-14
22975.0 4.47897e-14
22980.0 4.47375e-14
22985.0 4.4687e-14
22990.0 4.46343e-14
22995.0 4.45817e-14
23000.0 4.45313e-14
23005.0 4.44791e-14
23010.0 4.44286e-14
23015.0 4.43764e-14
23020.0 4.4326e-14
23025.0 4.42738e-14
23030.0 4.42233e-14
23035.0 4.41711e-14
23040.0 4.41208e-14
23045.0 4.40685e-14
23050.0 4.40181e-14
23055.0 4.39658e-14
23060.0 4.39159e-14
23065.0 4.38658e-14
23070.0 4.38137e-14
23075.0 4.37636e-14
23080.0 4.37137e-14
23085.0 4.36615e-14
23090.0 4.36115e-14
23095.0 4.35615e-14
23100.0 4.35093e-14
23105.0 4.34593e-14
23110.0 4.34097e-14
23115.0 4.33598e-14
23120.0 4.33076e-14
23125.0 4.32576e-14
23130.0 4.3208e-14
23135.0 4.3158e-14
23140.0 4.31059e-14
23145.0 4.30558e-14
23150.0 4.30063e-14
23155.0 4.29567e-14
23160.0 4.29071e-14
23165.0 4.28576e-14
23170.0 4.28076e-14
23175.0 4.27554e-14
23180.0 4.27054e-14
23185.0 4.26559e-14
23190.0 4.26063e-14
23195.0 4.25568e-14
23200.0 4.25072e-14
23205.0 4.24576e-14
23210.0 4.24081e-14
23215.0 4.23585e-14
23220.0 4.2309e-14
23225.0 4.22594e-14
23230.0 4.22099e-14
23235.0 4.21604e-14
23240.0 4.21108e-14
23245.0 4.20618e-14
23250.0 4.20148e-14
23255.0 4.19657e-14
23260.0 4.19161e-14
23265.0 4.18666e-14
23270.0 4.18171e-14
23275.0 4.17675e-14
23280.0 4.17184e-14
23285.0 4.16715e-14
23290.0 4.16224e-14
23295.0 4.15729e-14
23300.0 4.15237e-14
23305.0 4.14768e-14
23310.0 4.14278e-14
23315.0 4.13782e-14
23320.0 4.13291e-14
23325.0 4.12822e-14
23330.0 4.1233e-14
23335.0 4.11839e-14
23340.0 4.11371e-14
23345.0 4.1088e-14
23350.0 4.10388e-14
23355.0 4.0992e-14
23360.0 4.09432e-14
23365.0 4.08964e-14
23370.0 4.08472e-14
23375.0 4.07981e-14
23380.0 4.07512e-14
23385.0 4.07025e-14
23390.0 4.06557e-14
23395.0 4.0607e-14
23400.0 4.05601e-14
23405.0 4.05115e-14
23410.0 4.04645e-14
23415.0 4.04159e-14
23420.0 4.0369e-14
23425.0 4.03204e-14
23430.0 4.02739e-14
23435.0 4.02275e-14
23440.0 4.01788e-14
23445.0 4.01319e-14
23450.0 4.00832e-14
23455.0 4.00367e-14
23460.0 3.99903e-14
23465.0 3.99417e-14
23470.0 3.98951e-14
23475.0 3.98487e-14
23480.0 3.98001e-14
23485.0 3.97536e-14
23490.0 3.97077e-14
23495.0 3.96612e-14
23500.0 3.96125e-14
23505.0 3.9566e-14
23510.0 3.952e-14
23515.0 3.9474e-14
23520.0 3.94276e-14
23525.0 3.93789e-14
23530.0 3.93325e-14
23535.0 3.92864e-14
23540.0 3.92404e-14
23545.0 3.91944e-14
23550.0 3.91484e-14
23555.0 3.91024e-14
23560.0 3.90559e-14
23565.0 3.90072e-14
23570.0 3.89608e-14
23575.0 3.89148e-14
23580.0 3.88688e-14
23585.0 3.88227e-14
23590.0 3.87768e-14
23595.0 3.87308e-14
23600.0 3.86848e-14
23605.0 3.86387e-14
23610.0 3.85927e-14
23615.0 3.85467e-14
23620.0 3.85011e-14
23625.0 3.84578e-14
23630.0 3.84122e-14
23635.0 3.83662e-14
23640.0 3.83202e-14
23645.0 3.82742e-14
23650.0 3.82282e-14
23655.0 3.81822e-14
23660.0 3.81366e-14
23665.0 3.80933e-14
23670.0 3.80477e-14
23675.0 3.80016e-14
23680.0 3.79556e-14
23685.0 3.79101e-14
23690.0 3.78667e-14
23695.0 3.78211e-14
23700.0 3.77756e-14
23705.0 3.77322e-14
23710.0 3.76867e-14
23715.0 3.76407e-14
23720.0 3.75951e-14
23725.0 3.75517e-14
23730.0 3.75061e-14
23735.0 3.74606e-14
23740.0 3.74172e-14
23745.0 3.73721e-14
23750.0 3.73288e-14
23755.0 3.72832e-14
23760.0 3.72376e-14
23765.0 3.71942e-14
23770.0 3.71491e-14
23775.0 3.71058e-14
23780.0 3.70606e-14
23785.0 3.70173e-14
23790.0 3.69722e-14
23795.0 3.69288e-14
23800.0 3.68836e-14
23805.0 3.68403e-14
23810.0 3.67952e-14
23815.0 3.67519e-14
23820.0 3.67067e-14
23825.0 3.66638e-14
23830.0 3.66209e-14
23835.0 3.65757e-14
23840.0 3.65328e-14
23845.0 3.64899e-14
23850.0 3.64448e-14
23855.0 3.64019e-14
23860.0 3.6359e-14
23865.0 3.63139e-14
23870.0 3.62709e-14
23875.0 3.6228e-14
23880.0 3.61829e-14
23885.0 3.614e-14
23890.0 3.60975e-14
23895.0 3.60546e-14
23900.0 3.60095e-14
23905.0 3.59665e-14
23910.0 3.59241e-14
23915.0 3.58816e-14
23920.0 3.58387e-14
23925.0 3.57935e-14
23930.0 3.57507e-14
23935.0 3.57082e-14
23940.0 3.56657e-14
23945.0 3.56233e-14
23950.0 3.55808e-14
23955.0 3.55383e-14
23960.0 3.54958e-14
23965.0 3.54529e-14
23970.0 3.54078e-14
23975.0 3.53648e-14
23980.0 3.53224e-14
23985.0 3.52799e-14
23990.0 3.52375e-14
23995.0 3.5195e-14
24000.0 3.51525e-14
24005.0 3.51101e-14
24010.0 3.5068e-14
24015.0 3.50283e-14
24020.0 3.49861e-14
24025.0 3.49437e-14
24030.0 3.49012e-14
24035.0 3.48587e-14
24040.0 3.48163e-14
24045.0 3.47738e-14
24050.0 3.47314e-14
24055.0 3.46893e-14
24060.0 3.46494e-14
24065.0 3.46075e-14
24070.0 3.4565e-14
24075.0 3.45225e-14
24080.0 3.44804e-14
24085.0 3.44407e-14
24090.0 3.43986e-14
24095.0 3.43561e-14
24100.0 3.43141e-14
24105.0 3.42743e-14
24110.0 3.42323e-14
24115.0 3.41903e-14
24120.0 3.41505e-14
24125.0 3.41084e-14
24130.0 3.40664e-14
24135.0 3.40265e-14
24140.0 3.39845e-14
24145.0 3.39425e-14
24150.0 3.39027e-14
24155.0 3.38611e-14
24160.0 3.38213e-14
24165.0 3.37793e-14
24170.0 3.37372e-14
24175.0 3.36974e-14
24180.0 3.36559e-14
24185.0 3.3616e-14
24190.0 3.35744e-14
24195.0 3.35346e-14
24200.0 3.3493e-14
24205.0 3.34532e-14
24210.0 3.34116e-14
24215.0 3.33718e-14
24220.0 3.33302e-14
24225.0 3.32908e-14
24230.0 3.32515e-14
24235.0 3.32099e-14
24240.0 3.317e-14
24245.0 3.31285e-14
24250.0 3.30891e-14
24255.0 3.30497e-14
24260.0 3.30081e-14
24265.0 3.29688e-14
24270.0 3.29294e-14
24275.0 3.28877e-14
24280.0 3.28485e-14
24285.0 3.28095e-14
24290.0 3.27701e-14
24295.0 3.27286e-14
24300.0 3.26892e-14
24305.0 3.26502e-14
24310.0 3.26108e-14
24315.0 3.25692e-14
24320.0 3.25299e-14
24325.0 3.24909e-14
24330.0 3.2452e-14
24335.0 3.24126e-14
24340.0 3.23711e-14
24345.0 3.23317e-14
24350.0 3.22927e-14
24355.0 3.22538e-14
24360.0 3.22148e-14
24365.0 3.21759e-14
24370.0 3.2137e-14
24375.0 3.2098e-14
24380.0 3.20591e-14
24385.0 3.20202e-14
24390.0 3.19813e-14
24395.0 3.19423e-14
24400.0 3.19034e-14
24405.0 3.18645e-14
24410.0 3.18255e-14
24415.0 3.17866e-14
24420.0 3.17476e-14
24425.0 3.17088e-14
24430.0 3.16698e-14
24435.0 3.16309e-14
24440.0 3.15919e-14
24445.0 3.1553e-14
24450.0 3.15141e-14
24455.0 3.14751e-14
24460.0 3.14363e-14
24465.0 3.13977e-14
24470.0 3.13615e-14
24475.0 3.1323e-14
24480.0 3.1284e-14
24485.0 3.12451e-14
24490.0 3.12066e-14
24495.0 3.11703e-14
24500.0 3.11319e-14
24505.0 3.10929e-14
24510.0 3.10544e-14
24515.0 3.10181e-14
24520.0 3.09797e-14
24525.0 3.09407e-14
24530.0 3.09022e-14
24535.0 3.08659e-14
24540.0 3.08275e-14
24545.0 3.0789e-14
24550.0 3.07527e-14
24555.0 3.07142e-14
24560.0 3.06758e-14
24565.0 3.06394e-14
24570.0 3.06014e-14
24575.0 3.05651e-14
24580.0 3.05267e-14
24585.0 3.04882e-14
24590.0 3.04518e-14
24595.0 3.04139e-14
24600.0 3.03775e-14
24605.0 3.03395e-14
24610.0 3.03032e-14
24615.0 3.02652e-14
24620.0 3.02289e-14
24625.0 3.01909e-14
24630.0 3.01546e-14
24635.0 3.01165e-14
24640.0 3.00802e-14
24645.0 3.00422e-14
24650.0 3.00064e-14
24655.0 2.99705e-14
24660.0 2.99325e-14
24665.0 2.98962e-14
24670.0 2.98581e-14
24675.0 2.98223e-14
24680.0 2.97864e-14
24685.0 2.97484e-14
24690.0 2.97126e-14
24695.0 2.96767e-14
24700.0 2.96387e-14
24705.0 2.96028e-14
24710.0 2.95674e-14
24715.0 2.95316e-14
24720.0 2.94936e-14
24725.0 2.94577e-14
24730.0 2.94223e-14
24735.0 2.93865e-14
24740.0 2.93485e-14
24745.0 2.93127e-14
24750.0 2.92773e-14
24755.0 2.92419e-14
24760.0 2.9206e-14
24765.0 2.9168e-14
24770.0 2.91321e-14
24775.0 2.90967e-14
24780.0 2.90613e-14
24785.0 2.9026e-14
24790.0 2.89905e-14
24795.0 2.89551e-14
24800.0 2.89197e-14
24805.0 2.88843e-14
24810.0 2.8849e-14
24815.0 2.88131e-14
24820.0 2.87751e-14
24825.0 2.87393e-14
24830.0 2.87039e-14
24835.0 2.86685e-14
24840.0 2.86331e-14
24845.0 2.85981e-14
24850.0 2.85654e-14
24855.0 2.85305e-14
24860.0 2.8495e-14
24865.0 2.84597e-14
24870.0 2.84243e-14
24875.0 2.83889e-14
24880.0 2.83535e-14
24885.0 2.83181e-14
24890.0 2.82827e-14
24895.0 2.82473e-14
24900.0 2.82123e-14
24905.0 2.81796e-14
24910.0 2.81446e-14
24915.0 2.81092e-14
24920.0 2.80739e-14
24925.0 2.80389e-14
24930.0 2.80062e-14
24935.0 2.79713e-14
24940.0 2.79358e-14
24945.0 2.79009e-14
24950.0 2.78682e-14
24955.0 2.78332e-14
24960.0 2.77978e-14
24965.0 2.77629e-14
24970.0 2.77301e-14
24975.0 2.76951e-14
24980.0 2.76602e-14
24985.0 2.76274e-14
24990.0 2.75925e-14
24995.0 2.41162e-14
25000.0 3.44395e-15
