-4.032	5.940	0.000
-4.030	5.820	0.002
-4.028	5.700	0.004
-4.026	5.580	0.006
-4.025	5.460	0.007
-4.023	5.340	0.009
-4.021	5.260	0.011
-4.019	5.140	0.013
-4.017	5.020	0.015
-4.015	4.900	0.017
-4.013	4.820	0.019
-4.011	4.740	0.021
-4.009	4.620	0.023
-4.007	4.500	0.025
-4.005	4.420	0.027
-4.003	4.340	0.029
-4.002	4.260	0.030
-4.000	4.140	0.032
-3.998	4.060	0.034
-3.996	4.020	0.036
-3.994	3.900	0.038
-3.992	3.820	0.040
-3.990	3.780	0.042
-3.988	3.700	0.044
-3.986	3.620	0.046
-3.984	3.540	0.048
-3.982	3.460	0.050
-3.980	3.380	0.052
-3.978	3.340	0.054
-3.977	3.260	0.055
-3.975	3.180	0.057
-3.973	3.140	0.059
-3.971	3.100	0.061
-3.969	3.020	0.063
-3.967	2.980	0.065
-3.965	2.900	0.067
-3.963	2.860	0.069
-3.961	2.780	0.071
-3.959	2.740	0.073
-3.957	2.700	0.075
-3.955	2.620	0.077
-3.954	2.580	0.078
-3.952	2.540	0.080
-3.950	2.500	0.082
-3.948	2.420	0.084
-3.946	2.380	0.086
-3.944	2.340	0.088
-3.942	2.300	0.090
-3.940	2.260	0.092
-3.938	2.220	0.094
-3.936	2.140	0.096
-3.934	2.140	0.098
-3.932	2.060	0.100
-3.930	2.060	0.102
-3.929	1.980	0.103
-3.927	1.980	0.105
-3.925	1.940	0.107
-3.923	1.900	0.109
-3.921	1.860	0.111
-3.919	1.820	0.113
-3.917	1.780	0.115
-3.915	1.740	0.117
-3.913	1.740	0.119
-3.911	1.700	0.121
-3.909	1.660	0.123
-3.907	1.620	0.125
-3.906	1.580	0.126
-3.904	1.580	0.128
-3.902	1.540	0.130
-3.900	1.500	0.132
-3.898	1.460	0.134
-3.896	1.420	0.136
-3.894	1.420	0.138
-3.892	1.380	0.140
-3.890	1.380	0.142
-3.888	1.340	0.144
-3.886	1.340	0.146
-3.884	1.300	0.148
-3.882	1.260	0.150
-3.881	1.260	0.151
-3.879	1.220	0.153
-3.877	1.180	0.155
-3.875	1.180	0.157
-3.873	1.140	0.159
-3.871	1.140	0.161
-3.869	1.100	0.163
-3.867	1.060	0.165
-3.865	1.060	0.167
-3.863	1.060	0.169
-3.861	1.020	0.171
-3.859	0.980	0.173
-3.858	0.980	0.174
-3.856	0.980	0.176
-3.854	0.940	0.178
-3.852	0.940	0.180
-3.850	0.900	0.182
-3.848	0.900	0.184
-3.846	0.860	0.186
-3.844	0.860	0.188
-3.842	0.860	0.190
-3.840	0.860	0.192
-3.838	0.820	0.194
-3.836	0.820	0.196
-3.834	0.780	0.198
-3.833	0.780	0.199
-3.831	0.780	0.201
-3.829	0.740	0.203
-3.827	0.740	0.205
-3.825	0.740	0.207
-3.823	0.740	0.209
-3.821	0.700	0.211
-3.819	0.660	0.213
-3.817	0.700	0.215
-3.815	0.620	0.217
-3.813	0.620	0.219
-3.811	0.620	0.221
-3.810	0.620	0.222
-3.808	0.580	0.224
-3.806	0.580	0.226
-3.804	0.580	0.228
-3.802	0.580	0.230
-3.800	0.540	0.232
-3.798	0.540	0.234
-3.796	0.540	0.236
-3.794	0.540	0.238
-3.792	0.540	0.240
-3.790	0.500	0.242
-3.788	0.500	0.244
-3.786	0.500	0.246
-3.785	0.500	0.247
-3.783	0.460	0.249
-3.781	0.460	0.251
-3.779	0.460	0.253
-3.777	0.420	0.255
-3.775	0.460	0.257
-3.773	0.420	0.259
-3.771	0.420	0.261
-3.769	0.420	0.263
-3.767	0.420	0.265
-3.765	0.420	0.267
-3.763	0.420	0.269
-3.762	0.420	0.270
-3.760	0.380	0.272
-3.758	0.380	0.274
-3.756	0.380	0.276
-3.754	0.380	0.278
-3.752	0.340	0.280
-3.750	0.380	0.282
-3.748	0.340	0.284
-3.746	0.340	0.286
-3.744	0.340	0.288
-3.742	0.340	0.290
-3.740	0.340	0.292
-3.738	0.300	0.294
-3.737	0.340	0.295
-3.735	0.340	0.297
-3.733	0.300	0.299
-3.731	0.300	0.301
-3.729	0.300	0.303
-3.727	0.300	0.305
-3.725	0.300	0.307
-3.723	0.260	0.309
-3.721	0.300	0.311
-3.719	0.260	0.313
-3.717	0.260	0.315
-3.715	0.300	0.317
-3.714	0.260	0.318
-3.712	0.260	0.320
-3.710	0.260	0.322
-3.708	0.220	0.324
-3.706	0.260	0.326
-3.704	0.220	0.328
-3.702	0.260	0.330
-3.700	0.220	0.332
-3.698	0.220	0.334
-3.696	0.220	0.336
-3.694	0.220	0.338
-3.692	0.220	0.340
-3.690	0.220	0.342
-3.689	0.220	0.343
-3.687	0.220	0.345
-3.685	0.220	0.347
-3.683	0.220	0.349
-3.681	0.220	0.351
-3.679	0.220	0.353
-3.677	0.220	0.355
-3.675	0.220	0.357
-3.673	0.180	0.359
-3.671	0.180	0.361
-3.669	0.180	0.363
-3.667	0.180	0.365
-3.666	0.180	0.366
-3.664	0.180	0.368
-3.662	0.180	0.370
-3.660	0.180	0.372
-3.658	0.180	0.374
-3.656	0.180	0.376
-3.654	0.180	0.378
-3.652	0.140	0.380
-3.650	0.180	0.382
-3.648	0.180	0.384
-3.646	0.140	0.386
-3.644	0.140	0.388
-3.642	0.140	0.390
-3.641	0.140	0.391
-3.639	0.180	0.393
-3.637	0.180	0.395
-3.635	0.140	0.397
-3.633	0.140	0.399
-3.631	0.180	0.401
-3.629	0.140	0.403
-3.627	0.140	0.405
-3.625	0.100	0.407
-3.623	0.140	0.409
-3.621	0.140	0.411
-3.619	0.140	0.413
-3.618	0.140	0.414
-3.616	0.140	0.416
-3.614	0.100	0.418
-3.612	0.100	0.420
-3.610	0.140	0.422
-3.608	0.140	0.424
-3.606	0.140	0.426
-3.604	0.140	0.428
-3.602	0.100	0.430
-3.600	0.140	0.432
-3.598	0.100	0.434
-3.596	0.100	0.436
-3.594	0.100	0.438
-3.593	0.100	0.439
-3.591	0.140	0.441
-3.589	0.100	0.443
-3.587	0.140	0.445
-3.585	0.100	0.447
-3.583	0.100	0.449
-3.581	0.100	0.451
-3.579	0.100	0.453
-3.577	0.100	0.455
-3.575	0.100	0.457
-3.573	0.100	0.459
-3.571	0.100	0.461
-3.570	0.100	0.462
-3.568	0.100	0.464
-3.566	0.100	0.466
-3.564	0.100	0.468
-3.562	0.100	0.470
-3.560	0.100	0.472
-3.558	0.100	0.474
-3.556	0.100	0.476
-3.554	0.100	0.478
-3.552	0.100	0.480
-3.550	0.100	0.482
-3.548	0.100	0.484
-3.546	0.100	0.486
-3.545	0.100	0.487
-3.543	0.100	0.489
-3.541	0.100	0.491
-3.539	0.060	0.493
-3.537	0.060	0.495
-3.535	0.100	0.497
-3.533	0.060	0.499
-3.531	0.100	0.501
-3.529	0.060	0.503
-3.527	0.100	0.505
-3.525	0.100	0.507
-3.523	0.100	0.509
-3.522	0.060	0.510
-3.520	0.100	0.512
-3.518	0.100	0.514
-3.516	0.100	0.516
-3.514	0.100	0.518
-3.512	0.060	0.520
-3.510	0.060	0.522
-3.508	0.100	0.524
-3.506	0.060	0.526
-3.504	0.060	0.528
-3.502	0.100	0.530
-3.500	0.060	0.532
-3.498	0.100	0.534
-3.497	0.100	0.535
-3.495	0.100	0.537
-3.493	0.100	0.539
-3.491	0.060	0.541
-3.489	0.060	0.543
-3.487	0.100	0.545
-3.485	0.060	0.547
-3.483	0.060	0.549
-3.481	0.060	0.551
-3.479	0.060	0.553
-3.477	0.060	0.555
-3.475	0.060	0.557
-3.474	0.060	0.558
-3.472	0.100	0.560
-3.470	0.060	0.562
-3.468	0.100	0.564
-3.466	0.060	0.566
-3.464	0.060	0.568
-3.462	0.060	0.570
-3.460	0.100	0.572
-3.458	0.060	0.574
-3.456	0.060	0.576
-3.454	0.060	0.578
-3.452	0.060	0.580
-3.450	0.060	0.582
-3.449	0.060	0.583
-3.447	0.060	0.585
-3.445	0.060	0.587
-3.443	0.060	0.589
-3.441	0.060	0.591
-3.439	0.060	0.593
-3.437	0.060	0.595
-3.435	0.060	0.597
-3.433	0.060	0.599
-3.431	0.060	0.601
-3.429	0.060	0.603
-3.427	0.100	0.605
-3.425	0.060	0.607
-3.424	0.060	0.608
-3.422	0.060	0.610
-3.420	0.060	0.612
-3.418	0.060	0.614
-3.416	0.060	0.616
-3.414	0.060	0.618
-3.412	0.060	0.620
-3.410	0.060	0.622
-3.408	0.060	0.624
-3.406	0.060	0.626
-3.404	0.060	0.628
-3.402	0.060	0.630
-3.401	0.060	0.631
-3.399	0.020	0.633
-3.397	0.060	0.635
-3.395	0.020	0.637
-3.393	0.060	0.639
-3.391	0.060	0.641
-3.389	0.060	0.643
-3.387	0.060	0.645
-3.385	0.060	0.647
-3.383	0.060	0.649
-3.381	0.060	0.651
-3.379	0.060	0.653
-3.377	0.060	0.655
-3.376	0.060	0.656
-3.374	0.060	0.658
-3.372	0.060	0.660
-3.370	0.060	0.662
-3.368	0.060	0.664
-3.366	0.020	0.666
-3.364	0.060	0.668
-3.362	0.060	0.670
-3.360	0.060	0.672
-3.358	0.060	0.674
-3.356	0.060	0.676
-3.354	0.060	0.678
-3.353	0.060	0.679
-3.351	0.060	0.681
-3.349	0.060	0.683
-3.347	0.060	0.685
-3.345	0.020	0.687
-3.343	0.060	0.689
-3.341	0.060	0.691
-3.339	0.060	0.693
-3.337	0.060	0.695
-3.335	0.060	0.697
-3.333	0.060	0.699
-3.331	0.060	0.701
-3.329	0.060	0.703
-3.328	0.060	0.704
-3.326	0.060	0.706
-3.324	0.060	0.708
-3.322	0.060	0.710
-3.320	0.060	0.712
-3.318	0.060	0.714
-3.316	0.060	0.716
-3.314	0.060	0.718
-3.312	0.060	0.720
-3.310	0.060	0.722
-3.308	0.060	0.724
-3.306	0.060	0.726
-3.305	0.060	0.727
-3.303	0.060	0.729
-3.301	0.060	0.731
-3.299	0.060	0.733
-3.297	0.060	0.735
-3.295	0.060	0.737
-3.293	0.060	0.739
-3.291	0.020	0.741
-3.289	0.020	0.743
-3.287	0.060	0.745
-3.285	0.060	0.747
-3.283	0.060	0.749
-3.281	0.060	0.751
-3.280	0.060	0.752
-3.278	0.060	0.754
-3.276	0.060	0.756
-3.274	0.060	0.758
-3.272	0.060	0.760
-3.270	0.060	0.762
-3.268	0.060	0.764
-3.266	0.060	0.766
-3.264	0.060	0.768
-3.262	0.060	0.770
-3.260	0.060	0.772
-3.258	0.060	0.774
-3.257	0.060	0.775
-3.255	0.060	0.777
-3.253	0.060	0.779
-3.251	0.060	0.781
-3.249	0.060	0.783
-3.247	0.060	0.785
-3.245	0.020	0.787
-3.243	0.060	0.789
-3.241	0.020	0.791
-3.239	0.060	0.793
-3.237	0.060	0.795
-3.235	0.060	0.797
-3.233	0.060	0.799
-3.232	0.060	0.800
-3.230	0.060	0.802
-3.228	0.060	0.804
-3.226	0.020	0.806
-3.224	0.060	0.808
-3.222	0.060	0.810
-3.220	0.060	0.812
-3.218	0.060	0.814
-3.216	0.060	0.816
-3.214	0.060	0.818
-3.212	0.060	0.820
-3.210	0.020	0.822
-3.209	0.060	0.823
-3.207	0.060	0.825
-3.205	0.060	0.827
-3.203	0.060	0.829
-3.201	0.060	0.831
-3.199	0.020	0.833
-3.197	0.060	0.835
-3.195	0.060	0.837
-3.193	0.060	0.839
-3.191	0.060	0.841
-3.189	0.060	0.843
-3.187	0.060	0.845
-3.185	0.060	0.847
-3.184	0.060	0.848
-3.182	0.060	0.850
-3.180	0.020	0.852
-3.178	0.060	0.854
-3.176	0.060	0.856
-3.174	0.060	0.858
-3.172	0.060	0.860
-3.170	0.060	0.862
-3.168	0.060	0.864
-3.166	0.060	0.866
-3.164	0.020	0.868
-3.162	0.060	0.870
-3.161	0.020	0.871
-3.159	0.060	0.873
-3.157	0.060	0.875
-3.155	0.020	0.877
-3.153	0.060	0.879
-3.151	0.060	0.881
-3.149	0.020	0.883
-3.147	0.060	0.885
-3.145	0.020	0.887
-3.143	0.060	0.889
-3.141	0.060	0.891
-3.139	0.060	0.893
-3.137	0.060	0.895
-3.136	0.060	0.896
-3.134	0.060	0.898
-3.132	0.060	0.900
-3.130	0.020	0.902
-3.128	0.060	0.904
-3.126	0.020	0.906
-3.124	0.020	0.908
-3.122	0.060	0.910
-3.120	0.020	0.912
-3.118	0.060	0.914
-3.116	0.020	0.916
-3.114	0.060	0.918
-3.113	0.060	0.919
-3.111	0.060	0.921
-3.109	0.060	0.923
-3.107	0.060	0.925
-3.105	0.060	0.927
-3.103	0.060	0.929
-3.101	0.060	0.931
-3.099	0.060	0.933
-3.097	0.020	0.935
-3.095	0.020	0.937
-3.093	0.060	0.939
-3.091	0.060	0.941
-3.089	0.060	0.943
-3.088	0.020	0.944
-3.086	0.060	0.946
-3.084	0.060	0.948
-3.082	0.060	0.950
-3.080	0.020	0.952
-3.078	0.060	0.954
-3.076	0.060	0.956
-3.074	0.020	0.958
-3.072	0.060	0.960
-3.070	0.060	0.962
-3.068	0.060	0.964
-3.066	0.060	0.966
-3.065	0.060	0.967
-3.063	0.060	0.969
-3.061	0.060	0.971
-3.059	0.060	0.973
-3.057	0.020	0.975
-3.055	0.060	0.977
-3.053	0.060	0.979
-3.051	0.060	0.981
-3.049	0.060	0.983
-3.047	0.060	0.985
-3.045	0.060	0.987
-3.043	0.060	0.989
-3.041	0.020	0.991
-3.040	0.060	0.992
-3.038	0.060	0.994
-3.036	0.060	0.996
-3.034	0.060	0.998
-3.032	0.060	1.000
-3.030	0.020	1.002
-3.028	0.020	1.004
-3.026	0.060	1.006
-3.024	0.060	1.008
-3.022	0.060	1.010
-3.020	0.060	1.012
-3.018	0.060	1.014
-3.017	0.060	1.015
-3.015	0.060	1.017
-3.013	0.020	1.019
-3.011	0.060	1.021
-3.009	0.060	1.023
-3.007	0.060	1.025
-3.005	0.060	1.027
-3.003	0.060	1.029
-3.001	0.060	1.031
-2.999	0.060	1.033
-2.997	0.060	1.035
-2.995	0.060	1.037
-2.993	0.060	1.039
-2.992	0.060	1.040
-2.990	0.060	1.042
-2.988	0.060	1.044
-2.986	0.060	1.046
-2.984	0.060	1.048
-2.982	0.060	1.050
-2.980	0.060	1.052
-2.978	0.060	1.054
-2.976	0.060	1.056
-2.974	0.060	1.058
-2.972	0.060	1.060
-2.970	0.060	1.062
-2.969	0.060	1.063
-2.967	0.060	1.065
-2.965	0.060	1.067
-2.963	0.060	1.069
-2.961	0.060	1.071
-2.959	0.020	1.073
-2.957	0.060	1.075
-2.955	0.060	1.077
-2.953	0.060	1.079
-2.951	0.060	1.081
-2.949	0.020	1.083
-2.947	0.060	1.085
-2.945	0.060	1.087
-2.944	0.060	1.088
-2.942	0.060	1.090
-2.940	0.020	1.092
-2.938	0.020	1.094
-2.936	0.060	1.096
-2.934	0.060	1.098
-2.932	0.060	1.100
-2.930	0.060	1.102
-2.928	0.020	1.104
-2.926	0.020	1.106
-2.924	0.060	1.108
-2.922	0.060	1.110
-2.921	0.060	1.111
-2.919	0.060	1.113
-2.917	0.060	1.115
-2.915	0.020	1.117
-2.913	0.060	1.119
-2.911	0.020	1.121
-2.909	0.060	1.123
-2.907	0.060	1.125
-2.905	0.020	1.127
-2.903	0.020	1.129
-2.901	0.060	1.131
-2.899	0.060	1.133
-2.897	0.020	1.135
-2.896	0.060	1.136
-2.894	0.060	1.138
-2.892	0.020	1.140
-2.890	0.020	1.142
-2.888	0.020	1.144
-2.886	0.060	1.146
-2.884	0.060	1.148
-2.882	0.060	1.150
-2.880	0.060	1.152
-2.878	0.060	1.154
-2.876	0.020	1.156
-2.874	0.060	1.158
-2.873	0.060	1.159
-2.871	0.060	1.161
-2.869	0.060	1.163
-2.867	0.020	1.165
-2.865	0.060	1.167
-2.863	0.020	1.169
-2.861	0.060	1.171
-2.859	0.060	1.173
-2.857	0.060	1.175
-2.855	0.060	1.177
-2.853	0.020	1.179
-2.851	0.020	1.181
-2.849	0.060	1.183
-2.848	0.020	1.184
-2.846	0.060	1.186
-2.844	0.060	1.188
-2.842	0.060	1.190
-2.840	0.060	1.192
-2.838	0.060	1.194
-2.836	0.060	1.196
-2.834	0.060	1.198
-2.832	0.060	1.200
-2.830	0.020	1.202
-2.828	0.060	1.204
-2.826	0.060	1.206
-2.825	0.060	1.207
-2.823	0.060	1.209
-2.821	0.060	1.211
-2.819	0.060	1.213
-2.817	0.020	1.215
-2.815	0.060	1.217
-2.813	0.060	1.219
-2.811	0.060	1.221
-2.809	0.060	1.223
-2.807	0.060	1.225
-2.805	0.020	1.227
-2.803	0.020	1.229
-2.801	0.060	1.231
-2.800	0.060	1.232
-2.798	0.060	1.234
-2.796	0.020	1.236
-2.794	0.060	1.238
-2.792	0.060	1.240
-2.790	0.060	1.242
-2.788	0.020	1.244
-2.786	0.060	1.246
-2.784	0.020	1.248
-2.782	0.060	1.250
-2.780	0.060	1.252
-2.778	0.020	1.254
-2.776	0.060	1.256
-2.775	0.060	1.257
-2.773	0.060	1.259
-2.771	0.020	1.261
-2.769	0.060	1.263
-2.767	0.060	1.265
